ID	Len	A	C	G	U	G+C	A+U	AA	AC	AG	AU	CA	CC	CG	CU	GA	GC	GG	GU	UA	UC	UG	UU	%A	%C	%G	%U	%G+C	%A+U	%AA	%AC	%AG	%AU	%CA	%CC	%CG	%CU	%GA	%GC	%GG	%GU	%UA	%UC	%UG	%UU	pb	Npb	mfe	Nmfe	Q	NQ	D	ND	
1	84	24	13	23	24	36	48	5	4	8	7	8	0	0	4	4	6	3	10	7	3	11	3	28.57	15.48	27.38	28.57	42.86	57.14	6.02	4.82	9.64	8.43	9.64	0.00	0.00	4.82	4.82	7.23	3.61	12.05	8.43	3.61	13.25	3.61	31.00	0.3690	-34.30	-0.4083	6.38	0.0760	2.50	0.0297	
2	87	18	16	22	31	38	49	5	3	4	6	7	2	0	7	2	6	3	10	4	4	15	8	20.69	18.39	25.29	35.63	43.68	56.32	5.81	3.49	4.65	6.98	8.14	2.33	0.00	8.14	2.33	6.98	3.49	11.63	4.65	4.65	17.44	9.30	34.00	0.3908	-38.42	-0.4416	8.16	0.0937	3.17	0.0365	
3	96	27	14	19	36	33	63	7	4	3	13	8	1	1	4	2	7	2	8	9	2	13	11	28.12	14.58	19.79	37.50	34.38	65.62	7.37	4.21	3.16	13.68	8.42	1.05	1.05	4.21	2.11	7.37	2.11	8.42	9.47	2.11	13.68	11.58	39.00	0.4062	-40.60	-0.4229	11.39	0.1187	4.75	0.0495	
4	68	16	18	16	18	34	34	1	5	7	3	8	2	1	7	4	4	4	3	3	6	4	5	23.53	26.47	23.53	26.47	50.00	50.00	1.49	7.46	10.45	4.48	11.94	2.99	1.49	10.45	5.97	5.97	5.97	4.48	4.48	8.96	5.97	7.46	23.00	0.3382	-26.32	-0.3871	2.24	0.0329	1.04	0.0154	
5	73	15	20	20	18	40	33	3	6	6	0	7	4	1	8	3	5	5	6	2	4	8	4	20.55	27.40	27.40	24.66	54.79	45.21	4.17	8.33	8.33	0.00	9.72	5.56	1.39	11.11	4.17	6.94	6.94	8.33	2.78	5.56	11.11	5.56	26.00	0.3562	-27.30	-0.3740	15.32	0.2098	5.47	0.0750	
6	84	12	22	31	19	53	31	1	4	5	2	5	5	4	7	6	10	10	5	0	3	11	5	14.29	26.19	36.90	22.62	63.10	36.90	1.20	4.82	6.02	2.41	6.02	6.02	4.82	8.43	7.23	12.05	12.05	6.02	0.00	3.61	13.25	6.02	28.00	0.3333	-37.80	-0.4500	27.62	0.3288	10.38	0.1235	
7	86	16	24	21	25	45	41	1	5	8	2	6	7	0	11	6	5	6	4	3	7	6	8	18.60	27.91	24.42	29.07	52.33	47.67	1.18	5.88	9.41	2.35	7.06	8.24	0.00	12.94	7.06	5.88	7.06	4.71	3.53	8.24	7.06	9.41	35.00	0.4070	-50.60	-0.5884	5.53	0.0644	2.42	0.0281	
8	70	17	11	16	26	27	43	3	3	3	8	6	1	1	2	3	4	2	7	5	3	9	9	24.29	15.71	22.86	37.14	38.57	61.43	4.35	4.35	4.35	11.59	8.70	1.45	1.45	2.90	4.35	5.80	2.90	10.14	7.25	4.35	13.04	13.04	28.00	0.4000	-31.90	-0.4557	4.59	0.0656	2.04	0.0291	
9	69	13	15	18	23	33	36	1	3	3	6	10	3	0	2	0	5	3	9	2	3	12	6	18.84	21.74	26.09	33.33	47.83	52.17	1.47	4.41	4.41	8.82	14.71	4.41	0.00	2.94	0.00	7.35	4.41	13.24	2.94	4.41	17.65	8.82	27.00	0.3913	-37.30	-0.5406	2.46	0.0357	0.92	0.0133	
10	75	14	14	20	27	34	41	3	2	2	6	3	5	1	5	3	3	7	7	5	4	10	8	18.67	18.67	26.67	36.00	45.33	54.67	4.05	2.70	2.70	8.11	4.05	6.76	1.35	6.76	4.05	4.05	9.46	9.46	6.76	5.41	13.51	10.81	29.00	0.3867	-30.20	-0.4027	7.97	0.1062	3.63	0.0484	
11	81	24	16	17	24	33	48	8	7	2	7	8	2	2	4	3	3	4	6	4	4	9	7	29.63	19.75	20.99	29.63	40.74	59.26	10.00	8.75	2.50	8.75	10.00	2.50	2.50	5.00	3.75	3.75	5.00	7.50	5.00	5.00	11.25	8.75	31.00	0.3827	-37.50	-0.4630	8.84	0.1091	3.42	0.0422	
12	119	30	19	32	38	51	68	5	5	9	10	6	6	0	7	5	4	12	11	13	4	11	10	25.21	15.97	26.89	31.93	42.86	57.14	4.24	4.24	7.63	8.47	5.08	5.08	0.00	5.93	4.24	3.39	10.17	9.32	11.02	3.39	9.32	8.47	45.00	0.3782	-57.00	-0.4790	11.16	0.0938	4.15	0.0348	
13	81	16	20	23	22	43	38	4	3	4	5	5	6	4	5	4	4	5	9	3	6	10	3	19.75	24.69	28.40	27.16	53.09	46.91	5.00	3.75	5.00	6.25	6.25	7.50	5.00	6.25	5.00	5.00	6.25	11.25	3.75	7.50	12.50	3.75	30.00	0.3704	-39.60	-0.4889	6.52	0.0806	2.64	0.0326	
14	80	18	18	19	25	37	43	4	4	5	5	4	6	3	5	2	3	3	10	8	4	8	5	22.50	22.50	23.75	31.25	46.25	53.75	5.06	5.06	6.33	6.33	5.06	7.59	3.80	6.33	2.53	3.80	3.80	12.66	10.13	5.06	10.13	6.33	27.00	0.3375	-26.80	-0.3350	6.05	0.0756	2.29	0.0286	
15	81	19	10	22	30	32	49	5	1	6	7	5	1	0	4	4	2	8	7	5	5	8	12	23.46	12.35	27.16	37.04	39.51	60.49	6.25	1.25	7.50	8.75	6.25	1.25	0.00	5.00	5.00	2.50	10.00	8.75	6.25	6.25	10.00	15.00	31.00	0.3827	-34.02	-0.4200	9.47	0.1169	3.30	0.0407	
16	81	17	14	18	32	32	49	3	2	6	6	6	2	0	6	4	3	5	5	4	6	7	15	20.99	17.28	22.22	39.51	39.51	60.49	3.75	2.50	7.50	7.50	7.50	2.50	0.00	7.50	5.00	3.75	6.25	6.25	5.00	7.50	8.75	18.75	31.00	0.3827	-31.24	-0.3857	6.80	0.0839	2.79	0.0344	
17	81	14	19	24	24	43	38	2	4	2	5	7	2	3	7	3	7	5	9	2	6	14	2	17.28	23.46	29.63	29.63	53.09	46.91	2.50	5.00	2.50	6.25	8.75	2.50	3.75	8.75	3.75	8.75	6.25	11.25	2.50	7.50	17.50	2.50	30.00	0.3704	-43.10	-0.5321	7.81	0.0965	3.29	0.0407	
18	81	21	17	17	26	34	47	5	5	6	5	7	3	0	7	2	6	3	5	7	2	8	9	25.93	20.99	20.99	32.10	41.98	58.02	6.25	6.25	7.50	6.25	8.75	3.75	0.00	8.75	2.50	7.50	3.75	6.25	8.75	2.50	10.00	11.25	32.00	0.3951	-34.70	-0.4284	6.93	0.0856	2.92	0.0360	
19	110	22	36	27	25	63	47	3	5	8	6	10	11	4	10	6	10	5	6	3	10	9	3	20.00	32.73	24.55	22.73	57.27	42.73	2.75	4.59	7.34	5.50	9.17	10.09	3.67	9.17	5.50	9.17	4.59	5.50	2.75	9.17	8.26	2.75	32.00	0.2909	-39.49	-0.3590	35.35	0.3213	10.45	0.0950	
20	75	14	24	23	14	47	28	1	4	8	1	7	9	1	6	4	6	9	4	2	5	4	3	18.67	32.00	30.67	18.67	62.67	37.33	1.35	5.41	10.81	1.35	9.46	12.16	1.35	8.11	5.41	8.11	12.16	5.41	2.70	6.76	5.41	4.05	29.00	0.3867	-42.40	-0.5653	3.50	0.0466	1.31	0.0175	
21	62	15	10	14	23	24	38	3	0	5	6	2	3	0	5	6	0	5	3	4	7	4	8	24.19	16.13	22.58	37.10	38.71	61.29	4.92	0.00	8.20	9.84	3.28	4.92	0.00	8.20	9.84	0.00	8.20	4.92	6.56	11.48	6.56	13.11	18.00	0.2903	-15.44	-0.2490	20.06	0.3235	7.11	0.1147	
22	71	16	18	18	19	36	35	2	5	7	2	8	4	0	5	2	4	4	8	4	5	6	4	22.54	25.35	25.35	26.76	50.70	49.30	2.86	7.14	10.00	2.86	11.43	5.71	0.00	7.14	2.86	5.71	5.71	11.43	5.71	7.14	8.57	5.71	26.00	0.3662	-29.20	-0.4113	8.52	0.1200	3.57	0.0503	
23	72	24	16	14	18	30	42	7	7	5	5	8	2	0	6	5	4	2	3	3	3	7	4	33.33	22.22	19.44	25.00	41.67	58.33	9.86	9.86	7.04	7.04	11.27	2.82	0.00	8.45	7.04	5.63	2.82	4.23	4.23	4.23	9.86	5.63	23.00	0.3194	-24.10	-0.3347	4.88	0.0678	1.91	0.0265	
24	110	29	21	25	35	46	64	7	7	7	8	9	4	1	7	6	5	5	8	7	5	12	11	26.36	19.09	22.73	31.82	41.82	58.18	6.42	6.42	6.42	7.34	8.26	3.67	0.92	6.42	5.50	4.59	4.59	7.34	6.42	4.59	11.01	10.09	45.00	0.4091	-48.00	-0.4364	8.00	0.0727	3.56	0.0323	
25	110	26	30	26	28	56	54	6	7	6	6	9	9	3	9	6	7	6	7	5	6	11	6	23.64	27.27	23.64	25.45	50.91	49.09	5.50	6.42	5.50	5.50	8.26	8.26	2.75	8.26	5.50	6.42	5.50	6.42	4.59	5.50	10.09	5.50	38.00	0.3455	-46.90	-0.4264	8.12	0.0738	3.24	0.0294	
26	110	25	24	30	31	54	56	3	8	10	4	6	4	4	9	9	6	4	11	6	6	12	7	22.73	21.82	27.27	28.18	49.09	50.91	2.75	7.34	9.17	3.67	5.50	3.67	3.67	8.26	8.26	5.50	3.67	10.09	5.50	5.50	11.01	6.42	38.00	0.3455	-39.10	-0.3555	15.22	0.1383	5.80	0.0527	
27	110	28	20	23	39	43	67	8	5	4	11	4	4	3	9	6	1	5	11	10	10	10	8	25.45	18.18	20.91	35.45	39.09	60.91	7.34	4.59	3.67	10.09	3.67	3.67	2.75	8.26	5.50	0.92	4.59	10.09	9.17	9.17	9.17	7.34	34.00	0.3091	-32.39	-0.2945	12.93	0.1175	4.32	0.0393	
28	110	32	19	25	34	44	66	8	5	6	12	5	5	5	4	7	1	6	11	12	7	8	7	29.09	17.27	22.73	30.91	40.00	60.00	7.34	4.59	5.50	11.01	4.59	4.59	4.59	3.67	6.42	0.92	5.50	10.09	11.01	6.42	7.34	6.42	41.00	0.3727	-45.00	-0.4091	5.86	0.0533	2.10	0.0191	
29	110	29	23	26	32	49	61	11	7	4	7	10	4	2	7	6	6	6	8	2	5	14	10	26.36	20.91	23.64	29.09	44.55	55.45	10.09	6.42	3.67	6.42	9.17	3.67	1.83	6.42	5.50	5.50	5.50	7.34	1.83	4.59	12.84	9.17	34.00	0.3091	-34.90	-0.3173	15.75	0.1432	5.53	0.0502	
30	110	25	26	34	25	60	50	9	5	6	5	8	9	4	5	8	6	14	6	0	5	10	9	22.73	23.64	30.91	22.73	54.55	45.45	8.26	4.59	5.50	4.59	7.34	8.26	3.67	4.59	7.34	5.50	12.84	5.50	0.00	4.59	9.17	8.26	33.00	0.3000	-44.66	-0.4060	27.92	0.2538	11.20	0.1018	
31	110	32	25	29	24	54	56	6	8	12	5	11	5	3	6	11	4	4	10	4	7	10	3	29.09	22.73	26.36	21.82	49.09	50.91	5.50	7.34	11.01	4.59	10.09	4.59	2.75	5.50	10.09	3.67	3.67	9.17	3.67	6.42	9.17	2.75	38.00	0.3455	-41.90	-0.3809	20.25	0.1841	7.82	0.0711	
32	109	19	35	36	19	71	38	1	10	6	1	10	9	8	8	7	9	12	8	1	7	9	2	17.43	32.11	33.03	17.43	65.14	34.86	0.93	9.26	5.56	0.93	9.26	8.33	7.41	7.41	6.48	8.33	11.11	7.41	0.93	6.48	8.33	1.85	36.00	0.3303	-47.91	-0.4395	30.86	0.2831	10.11	0.0928	
33	110	21	21	32	36	53	57	5	4	8	4	6	1	5	8	7	7	8	10	3	9	11	13	19.09	19.09	29.09	32.73	48.18	51.82	4.59	3.67	7.34	3.67	5.50	0.92	4.59	7.34	6.42	6.42	7.34	9.17	2.75	8.26	10.09	11.93	42.00	0.3818	-51.20	-0.4655	19.32	0.1756	7.29	0.0663	
34	110	25	27	32	26	59	51	3	6	12	3	9	7	3	8	8	7	8	9	4	7	9	6	22.73	24.55	29.09	23.64	53.64	46.36	2.75	5.50	11.01	2.75	8.26	6.42	2.75	7.34	7.34	6.42	7.34	8.26	3.67	6.42	8.26	5.50	36.00	0.3273	-43.20	-0.3927	20.54	0.1867	7.24	0.0658	
35	110	23	31	27	29	58	52	2	9	9	3	9	10	2	10	5	3	9	9	7	8	7	7	20.91	28.18	24.55	26.36	52.73	47.27	1.83	8.26	8.26	2.75	8.26	9.17	1.83	9.17	4.59	2.75	8.26	8.26	6.42	7.34	6.42	6.42	37.00	0.3364	-42.90	-0.3900	12.05	0.1096	4.43	0.0403	
36	110	22	26	37	25	63	47	5	7	7	2	7	4	10	5	6	10	11	10	4	5	8	8	20.00	23.64	33.64	22.73	57.27	42.73	4.59	6.42	6.42	1.83	6.42	3.67	9.17	4.59	5.50	9.17	10.09	9.17	3.67	4.59	7.34	7.34	42.00	0.3818	-56.40	-0.5127	10.24	0.0931	4.01	0.0365	
37	110	25	24	29	32	53	57	6	5	6	8	7	4	2	10	8	5	10	6	4	10	10	8	22.73	21.82	26.36	29.09	48.18	51.82	5.50	4.59	5.50	7.34	6.42	3.67	1.83	9.17	7.34	4.59	9.17	5.50	3.67	9.17	9.17	7.34	36.00	0.3273	-42.26	-0.3842	11.05	0.1004	3.78	0.0344	
38	110	28	29	24	29	53	57	5	5	10	7	12	8	1	8	9	3	5	7	1	13	8	7	25.45	26.36	21.82	26.36	48.18	51.82	4.59	4.59	9.17	6.42	11.01	7.34	0.92	7.34	8.26	2.75	4.59	6.42	0.92	11.93	7.34	6.42	36.00	0.3273	-49.02	-0.4456	3.79	0.0344	1.20	0.0109	
39	110	16	46	34	14	80	30	0	8	7	1	11	18	8	8	4	18	7	5	0	2	12	0	14.55	41.82	30.91	12.73	72.73	27.27	0.00	7.34	6.42	0.92	10.09	16.51	7.34	7.34	3.67	16.51	6.42	4.59	0.00	1.83	11.01	0.00	40.00	0.3636	-60.70	-0.5518	4.72	0.0429	1.76	0.0160	
40	110	19	32	33	26	65	45	2	6	9	2	12	8	2	10	4	9	13	6	1	9	9	7	17.27	29.09	30.00	23.64	59.09	40.91	1.83	5.50	8.26	1.83	11.01	7.34	1.83	9.17	3.67	8.26	11.93	5.50	0.92	8.26	8.26	6.42	35.00	0.3182	-45.80	-0.4164	12.31	0.1119	3.99	0.0362	
41	110	30	24	22	34	46	64	10	7	4	8	8	6	4	6	7	3	4	8	5	8	10	11	27.27	21.82	20.00	30.91	41.82	58.18	9.17	6.42	3.67	7.34	7.34	5.50	3.67	5.50	6.42	2.75	3.67	7.34	4.59	7.34	9.17	10.09	39.00	0.3545	-38.30	-0.3482	7.47	0.0679	3.35	0.0305	
42	110	25	34	28	23	62	48	2	11	9	3	16	7	1	10	5	10	5	8	2	6	12	2	22.73	30.91	25.45	20.91	56.36	43.64	1.83	10.09	8.26	2.75	14.68	6.42	0.92	9.17	4.59	9.17	4.59	7.34	1.83	5.50	11.01	1.83	39.00	0.3545	-67.62	-0.6147	1.37	0.0124	0.35	0.0032	
43	110	27	26	26	31	52	58	6	5	7	8	9	5	1	11	7	7	6	6	5	9	11	6	24.55	23.64	23.64	28.18	47.27	52.73	5.50	4.59	6.42	7.34	8.26	4.59	0.92	10.09	6.42	6.42	5.50	5.50	4.59	8.26	10.09	5.50	38.00	0.3455	-40.70	-0.3700	26.20	0.2382	10.24	0.0930	
44	110	36	21	19	34	40	70	8	5	9	14	12	3	1	5	6	5	2	5	9	8	7	10	32.73	19.09	17.27	30.91	36.36	63.64	7.34	4.59	8.26	12.84	11.01	2.75	0.92	4.59	5.50	4.59	1.83	4.59	8.26	7.34	6.42	9.17	36.00	0.3273	-33.40	-0.3036	10.84	0.0985	4.18	0.0380	
45	110	28	21	28	33	49	61	7	6	6	8	8	3	5	5	7	6	4	11	6	6	12	9	25.45	19.09	25.45	30.00	44.55	55.45	6.42	5.50	5.50	7.34	7.34	2.75	4.59	4.59	6.42	5.50	3.67	10.09	5.50	5.50	11.01	8.26	40.00	0.3636	-42.90	-0.3900	6.55	0.0595	2.83	0.0257	
46	110	23	29	32	26	61	49	8	7	3	4	7	6	7	9	7	9	9	7	1	7	12	6	20.91	26.36	29.09	23.64	55.45	44.55	7.34	6.42	2.75	3.67	6.42	5.50	6.42	8.26	6.42	8.26	8.26	6.42	0.92	6.42	11.01	5.50	35.00	0.3182	-46.30	-0.4209	14.33	0.1303	4.75	0.0432	
47	110	17	42	33	18	75	35	5	3	6	3	3	18	14	7	8	11	8	5	1	9	5	3	15.45	38.18	30.00	16.36	68.18	31.82	4.59	2.75	5.50	2.75	2.75	16.51	12.84	6.42	7.34	10.09	7.34	4.59	0.92	8.26	4.59	2.75	38.00	0.3455	-54.50	-0.4955	8.84	0.0804	2.95	0.0269	
48	110	25	24	28	33	52	58	6	7	5	7	10	3	1	9	4	6	10	8	5	8	12	8	22.73	21.82	25.45	30.00	47.27	52.73	5.50	6.42	4.59	6.42	9.17	2.75	0.92	8.26	3.67	5.50	9.17	7.34	4.59	7.34	11.01	7.34	40.00	0.3636	-47.20	-0.4291	12.45	0.1132	5.18	0.0471	
49	110	21	27	29	33	56	54	3	3	9	6	7	4	1	15	3	9	8	9	8	11	10	3	19.09	24.55	26.36	30.00	50.91	49.09	2.75	2.75	8.26	5.50	6.42	3.67	0.92	13.76	2.75	8.26	7.34	8.26	7.34	10.09	9.17	2.75	38.00	0.3455	-54.10	-0.4918	9.57	0.0870	3.19	0.0290	
50	110	23	31	28	28	59	51	4	7	8	4	11	10	3	7	4	8	4	11	4	5	13	6	20.91	28.18	25.45	25.45	53.64	46.36	3.67	6.42	7.34	3.67	10.09	9.17	2.75	6.42	3.67	7.34	3.67	10.09	3.67	4.59	11.93	5.50	38.00	0.3455	-47.90	-0.4355	8.74	0.0795	3.19	0.0290	
51	95	18	26	31	20	57	38	2	4	6	6	7	6	5	8	5	10	11	4	4	5	9	2	18.95	27.37	32.63	21.05	60.00	40.00	2.13	4.26	6.38	6.38	7.45	6.38	5.32	8.51	5.32	10.64	11.70	4.26	4.26	5.32	9.57	2.13	32.00	0.3368	-44.30	-0.4663	11.92	0.1255	4.71	0.0496	
52	98	31	17	19	31	36	62	9	4	8	10	9	1	1	6	5	7	3	4	8	5	7	10	31.63	17.35	19.39	31.63	36.73	63.27	9.28	4.12	8.25	10.31	9.28	1.03	1.03	6.19	5.15	7.22	3.09	4.12	8.25	5.15	7.22	10.31	34.00	0.3469	-32.70	-0.3337	4.64	0.0474	1.95	0.0199	
53	97	21	25	24	27	49	48	5	7	3	6	8	5	2	9	5	8	8	3	3	4	11	9	21.65	25.77	24.74	27.84	50.52	49.48	5.21	7.29	3.12	6.25	8.33	5.21	2.08	9.38	5.21	8.33	8.33	3.12	3.12	4.17	11.46	9.38	35.00	0.3608	-36.04	-0.3715	14.40	0.1485	5.98	0.0617	
54	97	23	19	27	28	46	51	6	5	10	2	6	3	1	9	7	6	5	8	3	5	11	9	23.71	19.59	27.84	28.87	47.42	52.58	6.25	5.21	10.42	2.08	6.25	3.12	1.04	9.38	7.29	6.25	5.21	8.33	3.12	5.21	11.46	9.38	37.00	0.3814	-50.40	-0.5196	12.29	0.1267	4.86	0.0501	
55	85	24	18	19	24	37	48	7	6	6	5	6	2	1	8	3	6	3	7	8	3	9	4	28.24	21.18	22.35	28.24	43.53	56.47	8.33	7.14	7.14	5.95	7.14	2.38	1.19	9.52	3.57	7.14	3.57	8.33	9.52	3.57	10.71	4.76	34.00	0.4000	-46.60	-0.5482	3.51	0.0413	1.46	0.0172	
56	85	21	21	22	21	43	42	7	4	4	6	6	5	4	6	4	6	7	4	3	6	7	5	24.71	24.71	25.88	24.71	50.59	49.41	8.33	4.76	4.76	7.14	7.14	5.95	4.76	7.14	4.76	7.14	8.33	4.76	3.57	7.14	8.33	5.95	28.00	0.3294	-35.92	-0.4226	5.57	0.0655	2.12	0.0249	
57	109	29	26	28	26	54	55	7	6	8	7	8	4	6	8	8	10	6	4	5	6	8	7	26.61	23.85	25.69	23.85	49.54	50.46	6.48	5.56	7.41	6.48	7.41	3.70	5.56	7.41	7.41	9.26	5.56	3.70	4.63	5.56	7.41	6.48	39.00	0.3578	-51.20	-0.4697	7.82	0.0717	3.05	0.0280	
58	87	20	23	24	20	47	40	5	4	6	5	5	7	5	5	6	8	6	4	4	4	7	5	22.99	26.44	27.59	22.99	54.02	45.98	5.81	4.65	6.98	5.81	5.81	8.14	5.81	5.81	6.98	9.30	6.98	4.65	4.65	4.65	8.14	5.81	31.00	0.3563	-40.30	-0.4632	7.37	0.0847	2.82	0.0324	
59	88	14	24	23	27	47	41	3	4	5	2	2	7	5	10	5	6	5	7	4	7	8	7	15.91	27.27	26.14	30.68	53.41	46.59	3.45	4.60	5.75	2.30	2.30	8.05	5.75	11.49	5.75	6.90	5.75	8.05	4.60	8.05	9.20	8.05	31.00	0.3523	-43.40	-0.4932	5.64	0.0641	2.27	0.0258	
60	82	13	19	22	28	41	41	1	4	6	2	5	2	3	8	5	5	6	6	2	8	7	11	15.85	23.17	26.83	34.15	50.00	50.00	1.23	4.94	7.41	2.47	6.17	2.47	3.70	9.88	6.17	6.17	7.41	7.41	2.47	9.88	8.64	13.58	30.00	0.3659	-35.90	-0.4378	4.17	0.0508	1.69	0.0206	
61	89	17	21	24	27	45	44	4	4	6	3	8	3	1	9	1	10	4	8	4	4	13	6	19.10	23.60	26.97	30.34	50.56	49.44	4.55	4.55	6.82	3.41	9.09	3.41	1.14	10.23	1.14	11.36	4.55	9.09	4.55	4.55	14.77	6.82	33.00	0.3708	-42.60	-0.4787	8.48	0.0953	2.99	0.0336	
62	101	17	37	29	18	66	35	3	7	5	2	8	13	10	5	3	11	8	7	3	5	6	4	16.83	36.63	28.71	17.82	65.35	34.65	3.00	7.00	5.00	2.00	8.00	13.00	10.00	5.00	3.00	11.00	8.00	7.00	3.00	5.00	6.00	4.00	34.00	0.3366	-48.40	-0.4792	3.49	0.0345	1.21	0.0120	
63	102	25	24	28	25	52	50	10	3	5	7	6	8	3	7	6	9	7	5	3	4	12	6	24.51	23.53	27.45	24.51	50.98	49.02	9.90	2.97	4.95	6.93	5.94	7.92	2.97	6.93	5.94	8.91	6.93	4.95	2.97	3.96	11.88	5.94	35.00	0.3431	-47.50	-0.4657	7.37	0.0723	2.93	0.0287	
64	90	15	22	25	28	47	43	0	4	3	7	4	3	5	10	4	8	10	3	6	7	7	8	16.67	24.44	27.78	31.11	52.22	47.78	0.00	4.49	3.37	7.87	4.49	3.37	5.62	11.24	4.49	8.99	11.24	3.37	6.74	7.87	7.87	8.99	33.00	0.3667	-44.72	-0.4969	3.47	0.0386	1.35	0.0150	
65	100	34	13	19	34	32	68	12	2	6	13	5	2	0	6	6	3	4	6	10	6	9	9	34.00	13.00	19.00	34.00	32.00	68.00	12.12	2.02	6.06	13.13	5.05	2.02	0.00	6.06	6.06	3.03	4.04	6.06	10.10	6.06	9.09	9.09	37.00	0.3700	-35.10	-0.3510	9.92	0.0992	4.33	0.0433	
66	102	22	19	31	30	50	52	3	6	6	6	2	2	8	7	8	4	10	9	9	7	6	8	21.57	18.63	30.39	29.41	49.02	50.98	2.97	5.94	5.94	5.94	1.98	1.98	7.92	6.93	7.92	3.96	9.90	8.91	8.91	6.93	5.94	7.92	39.00	0.3824	-49.10	-0.4814	8.93	0.0875	4.05	0.0397	
67	84	16	25	23	20	48	36	1	5	5	4	9	5	6	5	4	9	5	5	2	5	7	6	19.05	29.76	27.38	23.81	57.14	42.86	1.20	6.02	6.02	4.82	10.84	6.02	7.23	6.02	4.82	10.84	6.02	6.02	2.41	6.02	8.43	7.23	29.00	0.3452	-36.00	-0.4286	13.67	0.1627	5.62	0.0669	
68	100	18	27	27	28	54	46	1	9	5	3	7	8	3	8	3	3	10	11	7	7	9	5	18.00	27.00	27.00	28.00	54.00	46.00	1.01	9.09	5.05	3.03	7.07	8.08	3.03	8.08	3.03	3.03	10.10	11.11	7.07	7.07	9.09	5.05	40.00	0.4000	-55.00	-0.5500	7.76	0.0776	2.90	0.0290	
69	95	16	24	29	26	53	42	5	3	4	4	4	8	3	8	3	4	12	10	4	8	10	4	16.84	25.26	30.53	27.37	55.79	44.21	5.32	3.19	4.26	4.26	4.26	8.51	3.19	8.51	3.19	4.26	12.77	10.64	4.26	8.51	10.64	4.26	35.00	0.3684	-48.90	-0.5147	11.67	0.1229	4.73	0.0498	
70	106	21	26	35	24	61	45	3	1	15	2	8	5	2	10	9	12	5	9	1	8	12	3	19.81	24.53	33.02	22.64	57.55	42.45	2.86	0.95	14.29	1.90	7.62	4.76	1.90	9.52	8.57	11.43	4.76	8.57	0.95	7.62	11.43	2.86	36.00	0.3396	-51.90	-0.4896	9.98	0.0941	3.72	0.0351	
71	86	21	20	23	22	43	43	1	6	5	9	5	7	2	5	6	4	8	5	9	3	8	2	24.42	23.26	26.74	25.58	50.00	50.00	1.18	7.06	5.88	10.59	5.88	8.24	2.35	5.88	7.06	4.71	9.41	5.88	10.59	3.53	9.41	2.35	34.00	0.3953	-44.40	-0.5163	7.73	0.0899	2.87	0.0333	
72	88	18	21	21	28	42	46	4	3	5	6	5	8	1	7	6	1	8	6	3	8	7	9	20.45	23.86	23.86	31.82	47.73	52.27	4.60	3.45	5.75	6.90	5.75	9.20	1.15	8.05	6.90	1.15	9.20	6.90	3.45	9.20	8.05	10.34	30.00	0.3409	-41.62	-0.4730	8.75	0.0994	3.35	0.0381	
73	87	16	29	26	16	55	32	2	6	6	2	6	12	4	6	7	5	9	5	1	6	7	2	18.39	33.33	29.89	18.39	63.22	36.78	2.33	6.98	6.98	2.33	6.98	13.95	4.65	6.98	8.14	5.81	10.47	5.81	1.16	6.98	8.14	2.33	33.00	0.3793	-48.20	-0.5540	6.09	0.0700	2.24	0.0257	
74	90	20	21	21	28	42	48	3	3	8	6	12	2	0	6	2	7	3	9	3	8	10	7	22.22	23.33	23.33	31.11	46.67	53.33	3.37	3.37	8.99	6.74	13.48	2.25	0.00	6.74	2.25	7.87	3.37	10.11	3.37	8.99	11.24	7.87	37.00	0.4111	-48.10	-0.5344	3.23	0.0359	1.38	0.0153	
75	87	23	14	24	26	38	49	6	2	8	7	8	3	1	2	4	6	3	10	4	3	12	7	26.44	16.09	27.59	29.89	43.68	56.32	6.98	2.33	9.30	8.14	9.30	3.49	1.16	2.33	4.65	6.98	3.49	11.63	4.65	3.49	13.95	8.14	33.00	0.3793	-41.30	-0.4747	2.69	0.0309	1.04	0.0119	
76	92	16	31	24	21	55	37	5	2	6	3	7	9	5	10	4	11	6	3	0	8	7	5	17.39	33.70	26.09	22.83	59.78	40.22	5.49	2.20	6.59	3.30	7.69	9.89	5.49	10.99	4.40	12.09	6.59	3.30	0.00	8.79	7.69	5.49	34.00	0.3696	-49.00	-0.5326	6.45	0.0701	2.86	0.0311	
77	89	25	13	23	28	36	53	10	2	6	6	2	4	2	5	4	2	7	10	9	4	8	7	28.09	14.61	25.84	31.46	40.45	59.55	11.36	2.27	6.82	6.82	2.27	4.55	2.27	5.68	4.55	2.27	7.95	11.36	10.23	4.55	9.09	7.95	33.00	0.3708	-42.00	-0.4719	7.48	0.0841	2.75	0.0309	
78	87	26	13	19	29	32	55	10	2	7	6	2	2	2	7	5	3	3	8	9	6	6	8	29.89	14.94	21.84	33.33	36.78	63.22	11.63	2.33	8.14	6.98	2.33	2.33	2.33	8.14	5.81	3.49	3.49	9.30	10.47	6.98	6.98	9.30	34.00	0.3908	-40.10	-0.4609	4.10	0.0471	1.64	0.0189	
79	90	25	19	21	25	40	50	7	2	9	6	4	5	3	7	7	5	3	6	7	7	5	6	27.78	21.11	23.33	27.78	44.44	55.56	7.87	2.25	10.11	6.74	4.49	5.62	3.37	7.87	7.87	5.62	3.37	6.74	7.87	7.87	5.62	6.74	35.00	0.3889	-41.10	-0.4567	5.29	0.0587	2.11	0.0235	
80	86	14	24	27	21	51	35	1	4	8	1	5	9	1	8	6	4	10	7	2	7	8	4	16.28	27.91	31.40	24.42	59.30	40.70	1.18	4.71	9.41	1.18	5.88	10.59	1.18	9.41	7.06	4.71	11.76	8.24	2.35	8.24	9.41	4.71	30.00	0.3488	-48.10	-0.5593	4.43	0.0516	1.69	0.0197	
81	85	19	23	22	21	45	40	4	9	1	4	5	3	10	5	4	7	5	6	6	3	6	6	22.35	27.06	25.88	24.71	52.94	47.06	4.76	10.71	1.19	4.76	5.95	3.57	11.90	5.95	4.76	8.33	5.95	7.14	7.14	3.57	7.14	7.14	32.00	0.3765	-40.20	-0.4729	3.34	0.0393	1.47	0.0173	
82	73	13	22	22	16	44	29	1	7	4	1	8	8	0	5	3	3	8	8	1	3	10	2	17.81	30.14	30.14	21.92	60.27	39.73	1.39	9.72	5.56	1.39	11.11	11.11	0.00	6.94	4.17	4.17	11.11	11.11	1.39	4.17	13.89	2.78	26.00	0.3562	-35.20	-0.4822	11.30	0.1547	4.58	0.0628	
83	99	23	28	30	18	58	41	4	10	6	3	14	7	2	5	3	7	12	7	2	3	10	3	23.23	28.28	30.30	18.18	58.59	41.41	4.08	10.20	6.12	3.06	14.29	7.14	2.04	5.10	3.06	7.14	12.24	7.14	2.04	3.06	10.20	3.06	38.00	0.3838	-58.80	-0.5939	3.23	0.0326	1.31	0.0132	
84	99	20	22	23	34	45	54	4	2	6	8	7	4	2	9	7	2	4	10	2	13	11	7	20.20	22.22	23.23	34.34	45.45	54.55	4.08	2.04	6.12	8.16	7.14	4.08	2.04	9.18	7.14	2.04	4.08	10.20	2.04	13.27	11.22	7.14	37.00	0.3737	-40.30	-0.4071	8.68	0.0876	3.13	0.0316	
85	89	9	25	39	16	64	25	0	2	6	0	2	7	7	9	7	10	17	5	0	6	8	2	10.11	28.09	43.82	17.98	71.91	28.09	0.00	2.27	6.82	0.00	2.27	7.95	7.95	10.23	7.95	11.36	19.32	5.68	0.00	6.82	9.09	2.27	34.00	0.3820	-55.80	-0.6270	6.42	0.0722	2.44	0.0275	
86	84	13	30	26	15	56	28	1	7	4	1	6	14	0	9	4	4	14	4	2	4	8	1	15.48	35.71	30.95	17.86	66.67	33.33	1.20	8.43	4.82	1.20	7.23	16.87	0.00	10.84	4.82	4.82	16.87	4.82	2.41	4.82	9.64	1.20	34.00	0.4048	-57.50	-0.6845	4.18	0.0498	1.88	0.0224	
87	84	19	16	18	31	34	50	3	6	3	6	4	4	4	4	5	2	3	8	7	4	7	13	22.62	19.05	21.43	36.90	40.48	59.52	3.61	7.23	3.61	7.23	4.82	4.82	4.82	4.82	6.02	2.41	3.61	9.64	8.43	4.82	8.43	15.66	30.00	0.3571	-37.50	-0.4464	11.49	0.1368	4.36	0.0519	
88	84	19	19	22	24	41	43	3	5	7	3	5	7	2	5	7	2	5	8	4	4	8	8	22.62	22.62	26.19	28.57	48.81	51.19	3.61	6.02	8.43	3.61	6.02	8.43	2.41	6.02	8.43	2.41	6.02	9.64	4.82	4.82	9.64	9.64	33.00	0.3929	-37.90	-0.4512	5.90	0.0703	2.25	0.0268	
89	82	12	25	27	18	52	30	2	0	7	2	3	13	1	8	6	4	14	3	0	8	5	5	14.63	30.49	32.93	21.95	63.41	36.59	2.47	0.00	8.64	2.47	3.70	16.05	1.23	9.88	7.41	4.94	17.28	3.70	0.00	9.88	6.17	6.17	31.00	0.3780	-53.10	-0.6476	7.74	0.0944	3.15	0.0385	
90	86	18	13	18	37	31	55	9	1	5	3	2	4	0	7	4	4	6	4	3	4	7	22	20.93	15.12	20.93	43.02	36.05	63.95	10.59	1.18	5.88	3.53	2.35	4.71	0.00	8.24	4.71	4.71	7.06	4.71	3.53	4.71	8.24	25.88	33.00	0.3837	-41.24	-0.4795	7.24	0.0842	2.90	0.0337	
91	86	15	27	23	21	50	36	3	3	5	4	7	10	1	8	5	7	8	3	0	7	9	5	17.44	31.40	26.74	24.42	58.14	41.86	3.53	3.53	5.88	4.71	8.24	11.76	1.18	9.41	5.88	8.24	9.41	3.53	0.00	8.24	10.59	5.88	27.00	0.3140	-39.80	-0.4628	12.62	0.1468	4.73	0.0550	
92	88	15	22	34	17	56	32	3	2	7	3	3	7	6	6	8	6	14	5	1	6	7	3	17.05	25.00	38.64	19.32	63.64	36.36	3.45	2.30	8.05	3.45	3.45	8.05	6.90	6.90	9.20	6.90	16.09	5.75	1.15	6.90	8.05	3.45	29.00	0.3295	-50.80	-0.5773	5.56	0.0632	2.00	0.0227	
93	85	22	15	20	28	35	50	5	6	4	6	7	4	0	4	4	2	4	10	5	3	12	8	25.88	17.65	23.53	32.94	41.18	58.82	5.95	7.14	4.76	7.14	8.33	4.76	0.00	4.76	4.76	2.38	4.76	11.90	5.95	3.57	14.29	9.52	32.00	0.3765	-38.30	-0.4506	6.43	0.0756	2.55	0.0300	
94	87	19	21	28	19	49	38	4	2	9	4	8	4	1	8	3	11	9	4	3	4	9	3	21.84	24.14	32.18	21.84	56.32	43.68	4.65	2.33	10.47	4.65	9.30	4.65	1.16	9.30	3.49	12.79	10.47	4.65	3.49	4.65	10.47	3.49	30.00	0.3448	-46.44	-0.5338	6.43	0.0739	2.19	0.0252	
95	86	18	17	22	29	39	47	4	2	4	8	4	6	2	5	4	5	6	6	6	4	10	9	20.93	19.77	25.58	33.72	45.35	54.65	4.71	2.35	4.71	9.41	4.71	7.06	2.35	5.88	4.71	5.88	7.06	7.06	7.06	4.71	11.76	10.59	35.00	0.4070	-43.90	-0.5105	7.80	0.0907	2.89	0.0336	
96	82	14	23	26	19	49	33	7	0	6	1	0	9	6	8	7	5	10	4	0	9	3	6	17.07	28.05	31.71	23.17	59.76	40.24	8.64	0.00	7.41	1.23	0.00	11.11	7.41	9.88	8.64	6.17	12.35	4.94	0.00	11.11	3.70	7.41	31.00	0.3780	-46.40	-0.5659	2.68	0.0327	1.02	0.0124	
97	89	25	21	20	23	41	48	9	7	1	7	10	1	2	8	6	5	5	4	0	7	12	4	28.09	23.60	22.47	25.84	46.07	53.93	10.23	7.95	1.14	7.95	11.36	1.14	2.27	9.09	6.82	5.68	5.68	4.55	0.00	7.95	13.64	4.55	30.00	0.3371	-35.00	-0.3933	3.54	0.0398	1.51	0.0170	
98	84	17	19	28	20	47	37	2	6	8	1	5	4	3	6	6	3	9	10	4	6	8	2	20.24	22.62	33.33	23.81	55.95	44.05	2.41	7.23	9.64	1.20	6.02	4.82	3.61	7.23	7.23	3.61	10.84	12.05	4.82	7.23	9.64	2.41	29.00	0.3452	-39.40	-0.4690	16.45	0.1958	7.35	0.0875	
99	85	13	25	28	19	53	32	3	3	5	2	6	11	2	6	2	7	11	7	2	4	10	3	15.29	29.41	32.94	22.35	62.35	37.65	3.57	3.57	5.95	2.38	7.14	13.10	2.38	7.14	2.38	8.33	13.10	8.33	2.38	4.76	11.90	3.57	31.00	0.3647	-51.30	-0.6035	10.47	0.1232	4.26	0.0501	
100	97	19	26	29	23	55	42	5	6	4	4	6	5	6	9	6	8	9	5	1	7	10	5	19.59	26.80	29.90	23.71	56.70	43.30	5.21	6.25	4.17	4.17	6.25	5.21	6.25	9.38	6.25	8.33	9.38	5.21	1.04	7.29	10.42	5.21	37.00	0.3814	-49.90	-0.5144	9.29	0.0958	3.61	0.0372	
101	80	13	24	24	19	48	32	3	1	7	2	3	12	0	9	5	4	11	4	1	7	6	4	16.25	30.00	30.00	23.75	60.00	40.00	3.80	1.27	8.86	2.53	3.80	15.19	0.00	11.39	6.33	5.06	13.92	5.06	1.27	8.86	7.59	5.06	29.00	0.3625	-41.40	-0.5175	12.71	0.1589	4.71	0.0589	
102	82	17	23	24	18	47	35	4	4	5	4	6	6	3	7	4	8	8	4	3	5	7	3	20.73	28.05	29.27	21.95	57.32	42.68	4.94	4.94	6.17	4.94	7.41	7.41	3.70	8.64	4.94	9.88	9.88	4.94	3.70	6.17	8.64	3.70	31.00	0.3780	-36.40	-0.4439	8.42	0.1027	3.18	0.0388	
103	72	18	15	15	24	30	42	6	1	5	6	4	5	0	5	4	2	5	4	4	7	4	9	25.00	20.83	20.83	33.33	41.67	58.33	8.45	1.41	7.04	8.45	5.63	7.04	0.00	7.04	5.63	2.82	7.04	5.63	5.63	9.86	5.63	12.68	25.00	0.3472	-32.30	-0.4486	3.88	0.0540	1.45	0.0201	
104	65	19	14	13	19	27	38	6	4	4	4	6	3	0	5	4	2	3	4	3	4	6	6	29.23	21.54	20.00	29.23	41.54	58.46	9.38	6.25	6.25	6.25	9.38	4.69	0.00	7.81	6.25	3.12	4.69	6.25	4.69	6.25	9.38	9.38	24.00	0.3692	-31.70	-0.4877	4.97	0.0764	2.12	0.0326	
105	87	23	20	19	25	39	48	8	3	3	8	6	7	1	6	4	5	8	2	4	5	7	9	26.44	22.99	21.84	28.74	44.83	55.17	9.30	3.49	3.49	9.30	6.98	8.14	1.16	6.98	4.65	5.81	9.30	2.33	4.65	5.81	8.14	10.47	31.00	0.3563	-35.40	-0.4069	12.86	0.1478	5.08	0.0584	
106	73	18	13	15	27	28	45	7	3	6	2	3	3	0	7	3	3	2	7	5	4	6	11	24.66	17.81	20.55	36.99	38.36	61.64	9.72	4.17	8.33	2.78	4.17	4.17	0.00	9.72	4.17	4.17	2.78	9.72	6.94	5.56	8.33	15.28	23.00	0.3151	-29.10	-0.3986	9.02	0.1236	3.53	0.0484	
107	68	16	12	19	21	31	37	7	3	4	2	4	3	0	5	2	3	6	7	3	2	9	7	23.53	17.65	27.94	30.88	45.59	54.41	10.45	4.48	5.97	2.99	5.97	4.48	0.00	7.46	2.99	4.48	8.96	10.45	4.48	2.99	13.43	10.45	25.00	0.3676	-32.00	-0.4706	6.35	0.0934	2.49	0.0366	
108	68	18	13	16	21	29	39	6	5	3	4	5	2	0	6	4	3	3	5	3	2	10	6	26.47	19.12	23.53	30.88	42.65	57.35	8.96	7.46	4.48	5.97	7.46	2.99	0.00	8.96	5.97	4.48	4.48	7.46	4.48	2.99	14.93	8.96	26.00	0.3824	-29.20	-0.4294	7.93	0.1167	3.30	0.0485	
109	68	20	10	14	24	24	44	7	3	1	9	4	1	0	5	3	4	3	3	6	1	10	7	29.41	14.71	20.59	35.29	35.29	64.71	10.45	4.48	1.49	13.43	5.97	1.49	0.00	7.46	4.48	5.97	4.48	4.48	8.96	1.49	14.93	10.45	25.00	0.3676	-28.90	-0.4250	5.46	0.0803	2.04	0.0300	
110	67	11	16	19	21	35	32	4	4	2	1	4	2	1	8	2	5	6	6	1	5	9	6	16.42	23.88	28.36	31.34	52.24	47.76	6.06	6.06	3.03	1.52	6.06	3.03	1.52	12.12	3.03	7.58	9.09	9.09	1.52	7.58	13.64	9.09	28.00	0.4179	-39.10	-0.5836	1.95	0.0291	0.91	0.0136	
111	67	16	14	20	17	34	33	5	3	4	4	5	2	2	4	5	5	4	6	1	4	9	3	23.88	20.90	29.85	25.37	50.75	49.25	7.58	4.55	6.06	6.06	7.58	3.03	3.03	6.06	7.58	7.58	6.06	9.09	1.52	6.06	13.64	4.55	23.00	0.3433	-27.10	-0.4045	12.80	0.1911	5.06	0.0756	
112	69	10	13	22	24	35	34	4	2	1	3	1	3	2	6	3	3	11	5	2	5	7	10	14.49	18.84	31.88	34.78	50.72	49.28	5.88	2.94	1.47	4.41	1.47	4.41	2.94	8.82	4.41	4.41	16.18	7.35	2.94	7.35	10.29	14.71	26.00	0.3768	-35.94	-0.5209	6.65	0.0964	2.60	0.0376	
113	72	22	11	12	27	23	49	4	4	3	10	5	2	1	3	2	2	1	7	11	3	7	6	30.56	15.28	16.67	37.50	31.94	68.06	5.63	5.63	4.23	14.08	7.04	2.82	1.41	4.23	2.82	2.82	1.41	9.86	15.49	4.23	9.86	8.45	31.00	0.4306	-35.20	-0.4889	1.83	0.0254	0.88	0.0122	
114	64	9	24	19	12	43	21	2	4	3	0	2	8	10	3	5	7	3	4	0	4	3	5	14.06	37.50	29.69	18.75	67.19	32.81	3.17	6.35	4.76	0.00	3.17	12.70	15.87	4.76	7.94	11.11	4.76	6.35	0.00	6.35	4.76	7.94	21.00	0.3281	-26.20	-0.4094	8.12	0.1268	2.91	0.0455	
115	66	15	16	19	16	35	31	3	4	7	1	3	5	0	8	5	3	6	5	3	4	6	2	22.73	24.24	28.79	24.24	53.03	46.97	4.62	6.15	10.77	1.54	4.62	7.69	0.00	12.31	7.69	4.62	9.23	7.69	4.62	6.15	9.23	3.08	25.00	0.3788	-39.20	-0.5939	12.37	0.1875	5.10	0.0772	
116	61	16	12	13	20	25	36	3	3	2	8	4	2	2	4	3	2	2	6	5	5	7	2	26.23	19.67	21.31	32.79	40.98	59.02	5.00	5.00	3.33	13.33	6.67	3.33	3.33	6.67	5.00	3.33	3.33	10.00	8.33	8.33	11.67	3.33	23.00	0.3770	-24.80	-0.4066	4.17	0.0683	1.70	0.0278	
117	75	20	12	18	25	30	45	5	3	5	6	3	2	2	5	4	4	5	5	8	3	6	8	26.67	16.00	24.00	33.33	40.00	60.00	6.76	4.05	6.76	8.11	4.05	2.70	2.70	6.76	5.41	5.41	6.76	6.76	10.81	4.05	8.11	10.81	30.00	0.4000	-35.00	-0.4667	6.11	0.0815	2.79	0.0372	
118	75	11	23	28	13	51	24	2	1	7	1	4	11	1	7	4	6	14	3	1	5	6	1	14.67	30.67	37.33	17.33	68.00	32.00	2.70	1.35	9.46	1.35	5.41	14.86	1.35	9.46	5.41	8.11	18.92	4.05	1.35	6.76	8.11	1.35	26.00	0.3467	-46.30	-0.6173	9.31	0.1241	3.49	0.0465	
119	99	26	21	22	30	43	56	7	5	9	4	9	0	2	10	6	6	3	7	4	9	8	9	26.26	21.21	22.22	30.30	43.43	56.57	7.14	5.10	9.18	4.08	9.18	0.00	2.04	10.20	6.12	6.12	3.06	7.14	4.08	9.18	8.16	9.18	32.00	0.3232	-35.00	-0.3535	16.45	0.1661	6.31	0.0638	
120	67	17	15	16	19	31	36	3	3	5	5	6	3	1	5	7	3	2	4	1	6	8	4	25.37	22.39	23.88	28.36	46.27	53.73	4.55	4.55	7.58	7.58	9.09	4.55	1.52	7.58	10.61	4.55	3.03	6.06	1.52	9.09	12.12	6.06	24.00	0.3582	-26.22	-0.3913	11.45	0.1708	4.27	0.0638	
121	94	9	38	31	16	69	25	0	3	6	0	4	13	10	10	5	14	6	6	0	7	9	0	9.57	40.43	32.98	17.02	73.40	26.60	0.00	3.23	6.45	0.00	4.30	13.98	10.75	10.75	5.38	15.05	6.45	6.45	0.00	7.53	9.68	0.00	34.00	0.3617	-49.20	-0.5234	6.89	0.0733	2.65	0.0282	
122	119	27	37	31	24	68	51	9	4	11	2	9	15	2	11	8	8	9	6	1	9	9	5	22.69	31.09	26.05	20.17	57.14	42.86	7.63	3.39	9.32	1.69	7.63	12.71	1.69	9.32	6.78	6.78	7.63	5.08	0.85	7.63	7.63	4.24	43.00	0.3613	-48.40	-0.4067	22.36	0.1879	7.90	0.0664	
123	98	18	26	33	21	59	39	4	5	6	3	3	9	3	10	7	6	14	6	3	6	10	2	18.37	26.53	33.67	21.43	60.20	39.80	4.12	5.15	6.19	3.09	3.09	9.28	3.09	10.31	7.22	6.19	14.43	6.19	3.09	6.19	10.31	2.06	33.00	0.3367	-51.30	-0.5235	3.73	0.0381	1.32	0.0135	
124	88	33	13	11	31	24	64	13	3	4	12	7	3	0	3	3	1	1	6	10	6	6	9	37.50	14.77	12.50	35.23	27.27	72.73	14.94	3.45	4.60	13.79	8.05	3.45	0.00	3.45	3.45	1.15	1.15	6.90	11.49	6.90	6.90	10.34	28.00	0.3182	-15.00	-0.1705	23.07	0.2622	7.11	0.0808	
125	90	16	25	27	22	52	38	3	2	10	1	4	7	0	14	8	7	7	4	1	9	9	3	17.78	27.78	30.00	24.44	57.78	42.22	3.37	2.25	11.24	1.12	4.49	7.87	0.00	15.73	8.99	7.87	7.87	4.49	1.12	10.11	10.11	3.37	31.00	0.3444	-40.00	-0.4444	8.57	0.0952	2.80	0.0311	
126	98	25	17	33	23	50	48	9	3	8	5	5	4	4	4	6	5	13	8	5	4	8	6	25.51	17.35	33.67	23.47	51.02	48.98	9.28	3.09	8.25	5.15	5.15	4.12	4.12	4.12	6.19	5.15	13.40	8.25	5.15	4.12	8.25	6.19	31.00	0.3163	-42.30	-0.4316	2.19	0.0223	0.99	0.0101	
127	87	18	25	25	19	50	37	5	4	5	4	5	8	7	4	8	6	5	6	0	7	7	5	20.69	28.74	28.74	21.84	57.47	42.53	5.81	4.65	5.81	4.65	5.81	9.30	8.14	4.65	9.30	6.98	5.81	6.98	0.00	8.14	8.14	5.81	29.00	0.3333	-36.30	-0.4172	21.31	0.2449	8.13	0.0934	
128	69	17	14	17	21	31	38	2	5	7	3	6	2	0	6	1	4	4	8	7	3	6	4	24.64	20.29	24.64	30.43	44.93	55.07	2.94	7.35	10.29	4.41	8.82	2.94	0.00	8.82	1.47	5.88	5.88	11.76	10.29	4.41	8.82	5.88	25.00	0.3623	-29.80	-0.4319	7.26	0.1052	3.02	0.0438	
129	83	15	27	21	20	48	35	4	5	2	4	3	9	6	8	3	6	6	6	5	6	7	2	18.07	32.53	25.30	24.10	57.83	42.17	4.88	6.10	2.44	4.88	3.66	10.98	7.32	9.76	3.66	7.32	7.32	7.32	6.10	7.32	8.54	2.44	29.00	0.3494	-40.30	-0.4855	6.26	0.0754	2.44	0.0294	
130	91	21	14	25	31	39	52	4	3	3	10	6	0	1	7	4	8	4	9	7	2	17	5	23.08	15.38	27.47	34.07	42.86	57.14	4.44	3.33	3.33	11.11	6.67	0.00	1.11	7.78	4.44	8.89	4.44	10.00	7.78	2.22	18.89	5.56	35.00	0.3846	-39.00	-0.4286	9.85	0.1083	4.17	0.0459	
131	91	30	11	14	36	25	66	9	5	1	14	4	1	2	4	3	3	2	6	13	2	9	12	32.97	12.09	15.38	39.56	27.47	72.53	10.00	5.56	1.11	15.56	4.44	1.11	2.22	4.44	3.33	3.33	2.22	6.67	14.44	2.22	10.00	13.33	31.00	0.3407	-35.40	-0.3890	1.55	0.0171	0.69	0.0076	
132	114	21	36	31	26	67	47	3	9	6	3	12	6	9	9	5	10	7	8	1	11	9	5	18.42	31.58	27.19	22.81	58.77	41.23	2.65	7.96	5.31	2.65	10.62	5.31	7.96	7.96	4.42	8.85	6.19	7.08	0.88	9.73	7.96	4.42	35.00	0.3070	-43.60	-0.3825	58.64	0.5143	18.57	0.1629	
133	84	19	16	19	30	35	49	5	6	5	2	4	4	1	7	6	0	6	7	4	6	6	14	22.62	19.05	22.62	35.71	41.67	58.33	6.02	7.23	6.02	2.41	4.82	4.82	1.20	8.43	7.23	0.00	7.23	8.43	4.82	7.23	7.23	16.87	29.00	0.3452	-35.20	-0.4190	9.56	0.1138	3.30	0.0393	
134	80	16	16	27	21	43	37	2	2	6	6	5	3	4	3	6	7	7	7	3	4	9	5	20.00	20.00	33.75	26.25	53.75	46.25	2.53	2.53	7.59	7.59	6.33	3.80	5.06	3.80	7.59	8.86	8.86	8.86	3.80	5.06	11.39	6.33	26.00	0.3250	-25.90	-0.3237	28.39	0.3549	10.09	0.1262	
135	72	20	13	17	22	30	42	6	4	4	5	3	4	1	5	4	2	6	5	7	2	6	7	27.78	18.06	23.61	30.56	41.67	58.33	8.45	5.63	5.63	7.04	4.23	5.63	1.41	7.04	5.63	2.82	8.45	7.04	9.86	2.82	8.45	9.86	30.00	0.4167	-44.70	-0.6208	2.28	0.0317	0.94	0.0130	
136	85	25	17	18	25	35	50	9	6	8	2	6	0	0	10	5	6	1	6	5	5	8	7	29.41	20.00	21.18	29.41	41.18	58.82	10.71	7.14	9.52	2.38	7.14	0.00	0.00	11.90	5.95	7.14	1.19	7.14	5.95	5.95	9.52	8.33	31.00	0.3647	-40.90	-0.4812	4.51	0.0531	1.77	0.0208	
137	91	18	21	27	25	48	43	4	5	4	5	4	6	5	6	4	3	10	9	6	6	8	5	19.78	23.08	29.67	27.47	52.75	47.25	4.44	5.56	4.44	5.56	4.44	6.67	5.56	6.67	4.44	3.33	11.11	10.00	6.67	6.67	8.89	5.56	33.00	0.3626	-34.70	-0.3813	26.30	0.2890	10.37	0.1139	
138	100	26	17	18	39	35	65	9	2	4	11	5	4	2	6	4	1	4	8	8	9	8	14	26.00	17.00	18.00	39.00	35.00	65.00	9.09	2.02	4.04	11.11	5.05	4.04	2.02	6.06	4.04	1.01	4.04	8.08	8.08	9.09	8.08	14.14	38.00	0.3800	-34.00	-0.3400	12.29	0.1229	4.72	0.0472	
139	76	14	25	21	16	46	30	4	3	6	1	3	8	3	10	7	1	10	3	0	13	1	2	18.42	32.89	27.63	21.05	60.53	39.47	5.33	4.00	8.00	1.33	4.00	10.67	4.00	13.33	9.33	1.33	13.33	4.00	0.00	17.33	1.33	2.67	29.00	0.3816	-44.20	-0.5816	25.62	0.3372	8.94	0.1176	
140	79	13	26	21	19	47	32	4	3	4	2	2	13	4	7	3	4	10	3	3	6	3	7	16.46	32.91	26.58	24.05	59.49	40.51	5.13	3.85	5.13	2.56	2.56	16.67	5.13	8.97	3.85	5.13	12.82	3.85	3.85	7.69	3.85	8.97	26.00	0.3291	-33.80	-0.4278	15.77	0.1996	5.72	0.0724	
141	68	13	19	24	12	43	25	1	2	7	3	5	5	2	6	4	9	8	3	3	3	6	0	19.12	27.94	35.29	17.65	63.24	36.76	1.49	2.99	10.45	4.48	7.46	7.46	2.99	8.96	5.97	13.43	11.94	4.48	4.48	4.48	8.96	0.00	28.00	0.4118	-53.00	-0.7794	6.26	0.0921	2.27	0.0335	
142	80	19	15	18	28	33	47	3	4	5	7	5	3	2	4	5	2	4	7	6	6	6	10	23.75	18.75	22.50	35.00	41.25	58.75	3.80	5.06	6.33	8.86	6.33	3.80	2.53	5.06	6.33	2.53	5.06	8.86	7.59	7.59	7.59	12.66	31.00	0.3875	-30.30	-0.3787	9.05	0.1131	3.78	0.0472	
143	84	20	18	22	24	40	44	3	8	4	5	6	2	3	6	4	6	5	7	7	2	9	6	23.81	21.43	26.19	28.57	47.62	52.38	3.61	9.64	4.82	6.02	7.23	2.41	3.61	7.23	4.82	7.23	6.02	8.43	8.43	2.41	10.84	7.23	35.00	0.4167	-38.40	-0.4571	7.40	0.0880	2.92	0.0347	
144	128	29	30	36	33	66	62	5	8	10	5	13	7	2	8	10	7	11	8	1	8	13	11	22.66	23.44	28.12	25.78	51.56	48.44	3.94	6.30	7.87	3.94	10.24	5.51	1.57	6.30	7.87	5.51	8.66	6.30	0.79	6.30	10.24	8.66	47.00	0.3672	-54.40	-0.4250	27.47	0.2146	9.47	0.0740	
145	87	24	15	19	29	34	53	8	3	6	7	8	3	1	3	4	3	2	9	4	5	10	10	27.59	17.24	21.84	33.33	39.08	60.92	9.30	3.49	6.98	8.14	9.30	3.49	1.16	3.49	4.65	3.49	2.33	10.47	4.65	5.81	11.63	11.63	32.00	0.3678	-33.00	-0.3793	7.34	0.0844	2.77	0.0318	
146	110	20	32	32	26	64	46	5	2	7	6	4	12	8	8	5	9	13	4	6	8	4	8	18.18	29.09	29.09	23.64	58.18	41.82	4.59	1.83	6.42	5.50	3.67	11.01	7.34	7.34	4.59	8.26	11.93	3.67	5.50	7.34	3.67	7.34	43.00	0.3909	-58.80	-0.5345	4.14	0.0376	1.86	0.0169	
147	116	33	33	28	22	61	55	6	12	8	7	14	7	3	9	10	8	7	2	3	5	10	4	28.45	28.45	24.14	18.97	52.59	47.41	5.22	10.43	6.96	6.09	12.17	6.09	2.61	7.83	8.70	6.96	6.09	1.74	2.61	4.35	8.70	3.48	35.00	0.3017	-41.52	-0.3579	10.69	0.0922	3.87	0.0334	
148	89	13	23	25	28	48	41	1	3	5	4	8	6	2	7	1	7	8	8	3	6	10	9	14.61	25.84	28.09	31.46	53.93	46.07	1.14	3.41	5.68	4.55	9.09	6.82	2.27	7.95	1.14	7.95	9.09	9.09	3.41	6.82	11.36	10.23	35.00	0.3933	-47.70	-0.5360	7.45	0.0837	2.65	0.0297	
149	94	15	23	26	30	49	45	0	3	5	6	5	7	1	10	6	2	11	7	4	11	9	6	15.96	24.47	27.66	31.91	52.13	47.87	0.00	3.23	5.38	6.45	5.38	7.53	1.08	10.75	6.45	2.15	11.83	7.53	4.30	11.83	9.68	6.45	35.00	0.3723	-42.10	-0.4479	5.40	0.0574	2.23	0.0238	
150	82	22	15	16	29	31	51	8	5	2	6	5	3	3	4	4	3	3	6	5	4	8	12	26.83	18.29	19.51	35.37	37.80	62.20	9.88	6.17	2.47	7.41	6.17	3.70	3.70	4.94	4.94	3.70	3.70	7.41	6.17	4.94	9.88	14.81	31.00	0.3780	-35.60	-0.4341	10.04	0.1224	3.66	0.0446	
151	102	21	20	23	38	43	59	4	3	4	10	7	5	2	6	4	1	8	9	6	10	9	13	20.59	19.61	22.55	37.25	42.16	57.84	3.96	2.97	3.96	9.90	6.93	4.95	1.98	5.94	3.96	0.99	7.92	8.91	5.94	9.90	8.91	12.87	37.00	0.3627	-43.10	-0.4225	4.91	0.0482	1.66	0.0163	
152	83	15	16	25	27	41	42	4	1	5	5	4	5	3	4	5	3	10	7	2	7	6	11	18.07	19.28	30.12	32.53	49.40	50.60	4.88	1.22	6.10	6.10	4.88	6.10	3.66	4.88	6.10	3.66	12.20	8.54	2.44	8.54	7.32	13.41	28.00	0.3373	-43.10	-0.5193	8.77	0.1056	3.00	0.0361	
153	112	19	38	37	18	75	37	2	10	7	0	11	15	7	5	4	9	13	10	2	3	10	3	16.96	33.93	33.04	16.07	66.96	33.04	1.80	9.01	6.31	0.00	9.91	13.51	6.31	4.50	3.60	8.11	11.71	9.01	1.80	2.70	9.01	2.70	42.00	0.3750	-55.50	-0.4955	17.16	0.1532	6.54	0.0584	
154	137	29	36	46	26	82	55	5	10	8	6	12	13	4	6	10	6	21	9	2	7	12	5	21.17	26.28	33.58	18.98	59.85	40.15	3.68	7.35	5.88	4.41	8.82	9.56	2.94	4.41	7.35	4.41	15.44	6.62	1.47	5.15	8.82	3.68	50.00	0.3650	-69.10	-0.5044	29.35	0.2142	11.51	0.0840	
155	98	21	24	29	24	53	45	4	5	9	3	8	4	1	10	7	8	7	7	2	7	11	4	21.43	24.49	29.59	24.49	54.08	45.92	4.12	5.15	9.28	3.09	8.25	4.12	1.03	10.31	7.22	8.25	7.22	7.22	2.06	7.22	11.34	4.12	36.00	0.3673	-49.40	-0.5041	10.88	0.1110	4.64	0.0473	
156	124	34	26	33	31	59	65	12	4	14	4	8	6	2	10	10	8	9	6	3	8	8	11	27.42	20.97	26.61	25.00	47.58	52.42	9.76	3.25	11.38	3.25	6.50	4.88	1.63	8.13	8.13	6.50	7.32	4.88	2.44	6.50	6.50	8.94	43.00	0.3468	-57.50	-0.4637	8.16	0.0658	3.07	0.0248	
157	87	20	15	23	29	38	49	8	2	8	1	2	4	0	9	9	3	4	7	1	6	11	11	22.99	17.24	26.44	33.33	43.68	56.32	9.30	2.33	9.30	1.16	2.33	4.65	0.00	10.47	10.47	3.49	4.65	8.14	1.16	6.98	12.79	12.79	34.00	0.3908	-49.00	-0.5632	0.82	0.0094	0.38	0.0044	
158	83	20	17	18	28	35	48	7	2	8	2	6	2	1	8	6	5	1	6	1	8	8	11	24.10	20.48	21.69	33.73	42.17	57.83	8.54	2.44	9.76	2.44	7.32	2.44	1.22	9.76	7.32	6.10	1.22	7.32	1.22	9.76	9.76	13.41	33.00	0.3976	-40.80	-0.4916	4.19	0.0505	1.82	0.0220	
159	84	24	16	17	27	33	51	10	3	8	2	6	3	0	7	6	3	2	6	2	7	7	11	28.57	19.05	20.24	32.14	39.29	60.71	12.05	3.61	9.64	2.41	7.23	3.61	0.00	8.43	7.23	3.61	2.41	7.23	2.41	8.43	8.43	13.25	32.00	0.3810	-36.30	-0.4321	13.91	0.1656	6.09	0.0725	
160	87	21	17	25	24	42	45	9	2	9	0	3	4	2	8	6	5	8	6	3	6	6	9	24.14	19.54	28.74	27.59	48.28	51.72	10.47	2.33	10.47	0.00	3.49	4.65	2.33	9.30	6.98	5.81	9.30	6.98	3.49	6.98	6.98	10.47	36.00	0.4138	-52.60	-0.6046	8.82	0.1013	3.71	0.0426	
161	87	24	15	22	26	37	50	8	2	11	2	3	3	1	8	10	4	3	5	3	6	7	10	27.59	17.24	25.29	29.89	42.53	57.47	9.30	2.33	12.79	2.33	3.49	3.49	1.16	9.30	11.63	4.65	3.49	5.81	3.49	6.98	8.14	11.63	35.00	0.4023	-45.20	-0.5195	3.45	0.0396	1.40	0.0161	
162	85	18	17	24	26	41	44	6	3	9	0	2	5	1	9	9	2	5	7	1	6	9	10	21.18	20.00	28.24	30.59	48.24	51.76	7.14	3.57	10.71	0.00	2.38	5.95	1.19	10.71	10.71	2.38	5.95	8.33	1.19	7.14	10.71	11.90	36.00	0.4235	-48.50	-0.5706	5.13	0.0603	2.31	0.0272	
163	85	21	18	22	24	40	45	9	3	7	2	3	3	3	9	6	5	6	4	3	6	6	9	24.71	21.18	25.88	28.24	47.06	52.94	10.71	3.57	8.33	2.38	3.57	3.57	3.57	10.71	7.14	5.95	7.14	4.76	3.57	7.14	7.14	10.71	33.00	0.3882	-40.40	-0.4753	5.10	0.0600	1.65	0.0194	
164	87	24	18	18	27	36	51	9	3	9	2	2	2	1	13	9	4	3	2	4	9	5	9	27.59	20.69	20.69	31.03	41.38	58.62	10.47	3.49	10.47	2.33	2.33	2.33	1.16	15.12	10.47	4.65	3.49	2.33	4.65	10.47	5.81	10.47	33.00	0.3793	-42.30	-0.4862	6.51	0.0749	2.56	0.0294	
165	83	19	19	22	23	41	42	8	2	7	1	3	6	3	7	6	6	5	5	2	5	7	9	22.89	22.89	26.51	27.71	49.40	50.60	9.76	2.44	8.54	1.22	3.66	7.32	3.66	8.54	7.32	7.32	6.10	6.10	2.44	6.10	8.54	10.98	32.00	0.3855	-39.70	-0.4783	4.35	0.0524	1.96	0.0236	
166	87	21	16	23	27	39	48	8	2	10	0	2	3	2	9	8	3	5	7	3	8	6	10	24.14	18.39	26.44	31.03	44.83	55.17	9.30	2.33	11.63	0.00	2.33	3.49	2.33	10.47	9.30	3.49	5.81	8.14	3.49	9.30	6.98	11.63	35.00	0.4023	-51.30	-0.5897	3.02	0.0347	1.15	0.0133	
167	101	28	18	27	28	45	56	12	4	10	2	3	0	3	11	11	6	4	6	2	8	9	9	27.72	17.82	26.73	27.72	44.55	55.45	12.00	4.00	10.00	2.00	3.00	0.00	3.00	11.00	11.00	6.00	4.00	6.00	2.00	8.00	9.00	9.00	36.00	0.3564	-46.40	-0.4594	4.60	0.0455	1.89	0.0187	
168	87	22	19	22	24	41	46	9	4	7	1	4	5	2	8	7	4	6	5	2	6	7	9	25.29	21.84	25.29	27.59	47.13	52.87	10.47	4.65	8.14	1.16	4.65	5.81	2.33	9.30	8.14	4.65	6.98	5.81	2.33	6.98	8.14	10.47	35.00	0.4023	-46.60	-0.5356	5.77	0.0663	2.05	0.0236	
169	88	17	22	19	30	41	47	7	3	5	1	3	9	2	8	4	4	4	7	3	6	8	13	19.32	25.00	21.59	34.09	46.59	53.41	8.05	3.45	5.75	1.15	3.45	10.34	2.30	9.20	4.60	4.60	4.60	8.05	3.45	6.90	9.20	14.94	34.00	0.3864	-41.50	-0.4716	3.10	0.0352	1.32	0.0150	
170	87	24	18	20	25	38	49	11	4	7	1	2	4	3	9	8	2	4	6	3	8	6	8	27.59	20.69	22.99	28.74	43.68	56.32	12.79	4.65	8.14	1.16	2.33	4.65	3.49	10.47	9.30	2.33	4.65	6.98	3.49	9.30	6.98	9.30	32.00	0.3678	-34.70	-0.3989	14.01	0.1610	4.91	0.0564	
171	87	23	14	23	27	37	50	12	2	8	0	2	2	1	9	6	3	6	8	3	7	8	9	26.44	16.09	26.44	31.03	42.53	57.47	13.95	2.33	9.30	0.00	2.33	2.33	1.16	10.47	6.98	3.49	6.98	9.30	3.49	8.14	9.30	10.47	34.00	0.3908	-44.50	-0.5115	6.37	0.0733	2.62	0.0301	
172	90	21	19	21	29	40	50	8	4	7	1	3	7	1	8	7	3	3	8	3	5	10	11	23.33	21.11	23.33	32.22	44.44	55.56	8.99	4.49	7.87	1.12	3.37	7.87	1.12	8.99	7.87	3.37	3.37	8.99	3.37	5.62	11.24	12.36	34.00	0.3778	-41.62	-0.4624	12.36	0.1373	4.43	0.0492	
173	88	23	19	23	23	42	46	10	2	10	0	2	4	3	10	8	7	4	4	3	6	6	8	26.14	21.59	26.14	26.14	47.73	52.27	11.49	2.30	11.49	0.00	2.30	4.60	3.45	11.49	9.20	8.05	4.60	4.60	3.45	6.90	6.90	9.20	31.00	0.3523	-45.76	-0.5200	9.35	0.1063	3.39	0.0385	
174	87	20	21	22	24	43	44	7	4	7	1	3	7	3	8	8	5	4	5	2	5	8	9	22.99	24.14	25.29	27.59	49.43	50.57	8.14	4.65	8.14	1.16	3.49	8.14	3.49	9.30	9.30	5.81	4.65	5.81	2.33	5.81	9.30	10.47	35.00	0.4023	-41.20	-0.4736	8.10	0.0931	3.08	0.0354	
175	90	24	15	23	28	38	52	9	3	10	1	4	2	0	9	9	3	5	6	2	7	8	11	26.67	16.67	25.56	31.11	42.22	57.78	10.11	3.37	11.24	1.12	4.49	2.25	0.00	10.11	10.11	3.37	5.62	6.74	2.25	7.87	8.99	12.36	37.00	0.4111	-44.90	-0.4989	5.69	0.0632	2.05	0.0228	
176	95	27	17	23	28	40	55	9	3	10	5	4	3	1	8	10	3	2	8	4	8	9	7	28.42	17.89	24.21	29.47	42.11	57.89	9.57	3.19	10.64	5.32	4.26	3.19	1.06	8.51	10.64	3.19	2.13	8.51	4.26	8.51	9.57	7.45	32.00	0.3368	-44.02	-0.4634	6.15	0.0647	2.00	0.0211	
177	122	17	39	34	32	73	49	4	6	5	2	7	13	5	14	3	12	9	10	3	8	14	6	13.93	31.97	27.87	26.23	59.84	40.16	3.31	4.96	4.13	1.65	5.79	10.74	4.13	11.57	2.48	9.92	7.44	8.26	2.48	6.61	11.57	4.96	41.00	0.3361	-62.32	-0.5108	13.62	0.1116	5.73	0.0469	
178	84	17	23	24	20	47	37	4	2	7	4	3	7	1	11	8	8	5	3	2	6	10	2	20.24	27.38	28.57	23.81	55.95	44.05	4.82	2.41	8.43	4.82	3.61	8.43	1.20	13.25	9.64	9.64	6.02	3.61	2.41	7.23	12.05	2.41	27.00	0.3214	-38.70	-0.4607	6.15	0.0732	2.25	0.0267	
179	84	15	21	24	24	45	39	4	1	6	4	3	6	1	10	7	6	7	4	1	8	9	6	17.86	25.00	28.57	28.57	53.57	46.43	4.82	1.20	7.23	4.82	3.61	7.23	1.20	12.05	8.43	7.23	8.43	4.82	1.20	9.64	10.84	7.23	30.00	0.3571	-43.10	-0.5131	9.52	0.1133	3.82	0.0454	
180	100	33	11	18	38	29	71	12	2	3	16	5	2	1	3	4	3	4	6	12	3	10	13	33.00	11.00	18.00	38.00	29.00	71.00	12.12	2.02	3.03	16.16	5.05	2.02	1.01	3.03	4.04	3.03	4.04	6.06	12.12	3.03	10.10	13.13	32.00	0.3200	-35.40	-0.3540	4.37	0.0437	2.00	0.0200	
181	71	11	17	25	18	42	29	1	1	6	2	4	4	4	5	3	8	8	6	3	4	7	4	15.49	23.94	35.21	25.35	59.15	40.85	1.43	1.43	8.57	2.86	5.71	5.71	5.71	7.14	4.29	11.43	11.43	8.57	4.29	5.71	10.00	5.71	29.00	0.4085	-42.10	-0.5930	5.93	0.0835	2.42	0.0341	
182	83	15	19	27	22	46	37	1	4	7	3	5	4	0	9	5	6	11	5	4	5	8	5	18.07	22.89	32.53	26.51	55.42	44.58	1.22	4.88	8.54	3.66	6.10	4.88	0.00	10.98	6.10	7.32	13.41	6.10	4.88	6.10	9.76	6.10	34.00	0.4096	-52.30	-0.6301	3.79	0.0457	1.56	0.0189	
183	129	35	27	30	37	57	72	8	7	8	12	14	6	1	5	5	7	8	10	8	7	12	10	27.13	20.93	23.26	28.68	44.19	55.81	6.25	5.47	6.25	9.38	10.94	4.69	0.78	3.91	3.91	5.47	6.25	7.81	6.25	5.47	9.38	7.81	47.00	0.3643	-62.90	-0.4876	12.23	0.0948	4.75	0.0368	
184	124	35	24	28	37	52	72	7	8	9	11	11	7	0	5	5	6	6	11	12	3	12	10	28.23	19.35	22.58	29.84	41.94	58.06	5.69	6.50	7.32	8.94	8.94	5.69	0.00	4.07	4.07	4.88	4.88	8.94	9.76	2.44	9.76	8.13	43.00	0.3468	-44.76	-0.3610	24.21	0.1952	8.93	0.0720	
185	94	26	16	22	30	38	56	8	5	6	7	8	2	0	5	5	6	1	10	5	3	14	8	27.66	17.02	23.40	31.91	40.43	59.57	8.60	5.38	6.45	7.53	8.60	2.15	0.00	5.38	5.38	6.45	1.08	10.75	5.38	3.23	15.05	8.60	36.00	0.3830	-37.90	-0.4032	5.67	0.0603	2.49	0.0264	
186	115	32	26	26	31	52	63	7	9	9	7	10	6	3	7	5	5	5	10	10	5	9	7	27.83	22.61	22.61	26.96	45.22	54.78	6.14	7.89	7.89	6.14	8.77	5.26	2.63	6.14	4.39	4.39	4.39	8.77	8.77	4.39	7.89	6.14	40.00	0.3478	-49.80	-0.4330	7.95	0.0691	2.59	0.0225	
187	94	26	16	25	27	41	53	6	7	4	9	8	2	1	5	4	4	5	11	8	2	15	2	27.66	17.02	26.60	28.72	43.62	56.38	6.45	7.53	4.30	9.68	8.60	2.15	1.08	5.38	4.30	4.30	5.38	11.83	8.60	2.15	16.13	2.15	35.00	0.3723	-40.90	-0.4351	6.38	0.0679	2.92	0.0311	
188	74	22	12	21	19	33	41	6	5	7	4	5	2	0	4	6	1	5	9	5	4	8	2	29.73	16.22	28.38	25.68	44.59	55.41	8.22	6.85	9.59	5.48	6.85	2.74	0.00	5.48	8.22	1.37	6.85	12.33	6.85	5.48	10.96	2.74	27.00	0.3649	-29.60	-0.4000	7.24	0.0978	2.82	0.0381	
189	98	29	17	22	30	39	59	6	10	5	8	6	2	3	6	8	1	2	10	8	4	12	6	29.59	17.35	22.45	30.61	39.80	60.20	6.19	10.31	5.15	8.25	6.19	2.06	3.09	6.19	8.25	1.03	2.06	10.31	8.25	4.12	12.37	6.19	36.00	0.3673	-33.30	-0.3398	11.29	0.1152	4.37	0.0446	
190	91	20	30	17	24	47	44	7	5	5	3	6	11	3	10	4	7	3	3	3	6	6	8	21.98	32.97	18.68	26.37	51.65	48.35	7.78	5.56	5.56	3.33	6.67	12.22	3.33	11.11	4.44	7.78	3.33	3.33	3.33	6.67	6.67	8.89	26.00	0.2857	-25.72	-0.2826	14.90	0.1637	4.48	0.0492	
191	78	22	9	15	32	24	54	5	3	4	10	3	1	1	4	7	1	3	4	6	4	7	14	28.21	11.54	19.23	41.03	30.77	69.23	6.49	3.90	5.19	12.99	3.90	1.30	1.30	5.19	9.09	1.30	3.90	5.19	7.79	5.19	9.09	18.18	30.00	0.3846	-29.20	-0.3744	14.48	0.1856	5.53	0.0709	
192	91	27	16	17	31	33	58	8	2	8	9	8	2	0	6	6	4	4	3	4	8	5	13	29.67	17.58	18.68	34.07	36.26	63.74	8.89	2.22	8.89	10.00	8.89	2.22	0.00	6.67	6.67	4.44	4.44	3.33	4.44	8.89	5.56	14.44	31.00	0.3407	-32.60	-0.3582	8.75	0.0962	3.44	0.0378	
193	106	33	22	22	29	44	62	10	4	9	10	10	6	0	6	5	7	3	6	8	4	10	7	31.13	20.75	20.75	27.36	41.51	58.49	9.52	3.81	8.57	9.52	9.52	5.71	0.00	5.71	4.76	6.67	2.86	5.71	7.62	3.81	9.52	6.67	36.00	0.3396	-37.52	-0.3540	10.01	0.0944	3.33	0.0314	
194	84	15	18	19	32	37	47	2	3	4	5	6	4	3	5	3	1	5	10	4	10	7	11	17.86	21.43	22.62	38.10	44.05	55.95	2.41	3.61	4.82	6.02	7.23	4.82	3.61	6.02	3.61	1.20	6.02	12.05	4.82	12.05	8.43	13.25	27.00	0.3214	-34.80	-0.4143	6.02	0.0717	2.13	0.0253	
195	96	16	25	34	21	59	37	4	5	5	1	4	11	3	7	7	4	16	7	1	5	9	6	16.67	26.04	35.42	21.88	61.46	38.54	4.21	5.26	5.26	1.05	4.21	11.58	3.16	7.37	7.37	4.21	16.84	7.37	1.05	5.26	9.47	6.32	32.00	0.3333	-55.30	-0.5760	18.67	0.1945	6.26	0.0652	
196	96	28	18	18	32	36	60	8	9	4	6	8	5	0	5	4	2	4	8	7	2	10	13	29.17	18.75	18.75	33.33	37.50	62.50	8.42	9.47	4.21	6.32	8.42	5.26	0.00	5.26	4.21	2.11	4.21	8.42	7.37	2.11	10.53	13.68	32.00	0.3333	-49.90	-0.5198	5.05	0.0526	2.09	0.0218	
197	68	17	8	14	29	22	46	7	2	4	4	1	0	2	5	6	1	2	4	3	4	6	16	25.00	11.76	20.59	42.65	32.35	67.65	10.45	2.99	5.97	5.97	1.49	0.00	2.99	7.46	8.96	1.49	2.99	5.97	4.48	5.97	8.96	23.88	25.00	0.3676	-25.00	-0.3676	5.24	0.0770	1.82	0.0268	
198	96	17	23	24	32	47	49	1	5	6	5	6	4	0	13	4	4	9	7	5	10	9	7	17.71	23.96	25.00	33.33	48.96	51.04	1.05	5.26	6.32	5.26	6.32	4.21	0.00	13.68	4.21	4.21	9.47	7.37	5.26	10.53	9.47	7.37	30.00	0.3125	-33.50	-0.3490	16.74	0.1744	5.75	0.0599	
199	96	8	38	34	16	72	24	1	3	2	2	3	20	12	2	3	10	16	5	1	4	4	7	8.33	39.58	35.42	16.67	75.00	25.00	1.05	3.16	2.11	2.11	3.16	21.05	12.63	2.11	3.16	10.53	16.84	5.26	1.05	4.21	4.21	7.37	36.00	0.3750	-66.12	-0.6888	5.84	0.0608	2.39	0.0249	
200	96	26	20	27	23	47	49	7	7	8	4	5	5	0	10	10	4	6	7	4	4	12	2	27.08	20.83	28.12	23.96	48.96	51.04	7.37	7.37	8.42	4.21	5.26	5.26	0.00	10.53	10.53	4.21	6.32	7.37	4.21	4.21	12.63	2.11	29.00	0.3021	-30.20	-0.3146	6.00	0.0625	2.26	0.0235	
201	95	32	16	10	37	26	69	6	5	6	14	8	2	0	6	5	3	0	2	13	6	3	15	33.68	16.84	10.53	38.95	27.37	72.63	6.38	5.32	6.38	14.89	8.51	2.13	0.00	6.38	5.32	3.19	0.00	2.13	13.83	6.38	3.19	15.96	33.00	0.3474	-37.44	-0.3941	4.38	0.0461	1.59	0.0167	
202	98	22	17	36	23	53	45	9	2	7	3	3	6	1	7	8	7	15	6	1	2	13	7	22.45	17.35	36.73	23.47	54.08	45.92	9.28	2.06	7.22	3.09	3.09	6.19	1.03	7.22	8.25	7.22	15.46	6.19	1.03	2.06	13.40	7.22	26.00	0.2653	-33.00	-0.3367	23.56	0.2404	8.56	0.0873	
203	94	20	15	25	34	40	54	5	5	5	5	3	3	1	8	2	4	4	14	10	3	14	7	21.28	15.96	26.60	36.17	42.55	57.45	5.38	5.38	5.38	5.38	3.23	3.23	1.08	8.60	2.15	4.30	4.30	15.05	10.75	3.23	15.05	7.53	34.00	0.3617	-44.60	-0.4745	11.86	0.1262	4.88	0.0519	
204	96	30	17	16	33	33	63	10	6	5	8	7	4	0	6	2	4	4	6	11	3	6	13	31.25	17.71	16.67	34.38	34.38	65.62	10.53	6.32	5.26	8.42	7.37	4.21	0.00	6.32	2.11	4.21	4.21	6.32	11.58	3.16	6.32	13.68	40.00	0.4167	-59.10	-0.6156	7.68	0.0800	2.42	0.0252	
205	95	8	31	40	16	71	24	0	3	3	2	2	9	13	6	4	16	15	5	2	3	9	2	8.42	32.63	42.11	16.84	74.74	25.26	0.00	3.19	3.19	2.13	2.13	9.57	13.83	6.38	4.26	17.02	15.96	5.32	2.13	3.19	9.57	2.13	34.00	0.3579	-53.10	-0.5589	31.58	0.3324	13.22	0.1392	
206	97	30	25	19	23	44	53	11	5	9	5	10	8	0	7	6	3	7	3	3	8	3	8	30.93	25.77	19.59	23.71	45.36	54.64	11.46	5.21	9.38	5.21	10.42	8.33	0.00	7.29	6.25	3.12	7.29	3.12	3.12	8.33	3.12	8.33	33.00	0.3402	-57.60	-0.5938	1.84	0.0190	0.59	0.0061	
207	95	25	16	20	34	36	59	8	4	7	6	6	3	0	7	3	4	3	10	7	5	10	11	26.32	16.84	21.05	35.79	37.89	62.11	8.51	4.26	7.45	6.38	6.38	3.19	0.00	7.45	3.19	4.26	3.19	10.64	7.45	5.32	10.64	11.70	34.00	0.3579	-25.00	-0.2632	19.75	0.2079	6.87	0.0723	
208	79	19	14	21	25	35	44	6	2	6	4	3	5	1	5	4	4	3	10	5	3	11	6	24.05	17.72	26.58	31.65	44.30	55.70	7.69	2.56	7.69	5.13	3.85	6.41	1.28	6.41	5.13	5.13	3.85	12.82	6.41	3.85	14.10	7.69	27.00	0.3418	-26.90	-0.3405	8.06	0.1021	2.81	0.0356	
209	94	13	33	39	9	72	22	1	5	6	1	7	10	13	2	4	14	15	6	1	3	5	0	13.83	35.11	41.49	9.57	76.60	23.40	1.08	5.38	6.45	1.08	7.53	10.75	13.98	2.15	4.30	15.05	16.13	6.45	1.08	3.23	5.38	0.00	32.00	0.3404	-54.60	-0.5809	16.88	0.1796	6.38	0.0679	
210	97	19	27	26	25	53	44	3	7	4	5	5	5	7	9	8	7	6	5	3	7	9	6	19.59	27.84	26.80	25.77	54.64	45.36	3.12	7.29	4.17	5.21	5.21	5.21	7.29	9.38	8.33	7.29	6.25	5.21	3.12	7.29	9.38	6.25	29.00	0.2990	-35.10	-0.3619	10.11	0.1043	3.15	0.0325	
211	94	18	23	38	15	61	33	4	3	9	2	5	5	6	6	7	12	14	5	2	3	8	2	19.15	24.47	40.43	15.96	64.89	35.11	4.30	3.23	9.68	2.15	5.38	5.38	6.45	6.45	7.53	12.90	15.05	5.38	2.15	3.23	8.60	2.15	29.00	0.3085	-30.80	-0.3277	37.01	0.3937	11.56	0.1229	
212	98	37	14	17	30	31	67	18	6	6	7	6	1	0	7	6	3	4	4	7	4	6	12	37.76	14.29	17.35	30.61	31.63	68.37	18.56	6.19	6.19	7.22	6.19	1.03	0.00	7.22	6.19	3.09	4.12	4.12	7.22	4.12	6.19	12.37	25.00	0.2551	-27.80	-0.2837	15.42	0.1574	4.60	0.0470	
213	95	34	11	12	38	23	72	2	7	2	23	6	2	0	3	1	0	1	9	25	2	8	3	35.79	11.58	12.63	40.00	24.21	75.79	2.13	7.45	2.13	24.47	6.38	2.13	0.00	3.19	1.06	0.00	1.06	9.57	26.60	2.13	8.51	3.19	37.00	0.3895	-32.00	-0.3368	23.60	0.2485	9.65	0.1016	
214	96	25	20	31	20	51	45	7	4	8	5	5	6	3	6	10	6	9	6	2	4	11	3	26.04	20.83	32.29	20.83	53.12	46.88	7.37	4.21	8.42	5.26	5.26	6.32	3.16	6.32	10.53	6.32	9.47	6.32	2.11	4.21	11.58	3.16	29.00	0.3021	-40.00	-0.4167	9.16	0.0954	3.27	0.0340	
215	96	32	12	19	33	31	65	10	5	8	9	8	1	0	3	6	3	4	6	8	3	6	15	33.33	12.50	19.79	34.38	32.29	67.71	10.53	5.26	8.42	9.47	8.42	1.05	0.00	3.16	6.32	3.16	4.21	6.32	8.42	3.16	6.32	15.79	31.00	0.3229	-22.19	-0.2311	9.27	0.0965	3.64	0.0379	
216	97	29	16	20	32	36	61	10	4	7	8	7	5	1	3	4	5	5	6	8	1	7	15	29.90	16.49	20.62	32.99	37.11	62.89	10.42	4.17	7.29	8.33	7.29	5.21	1.04	3.12	4.17	5.21	5.21	6.25	8.33	1.04	7.29	15.62	37.00	0.3814	-44.10	-0.4546	8.63	0.0890	3.59	0.0370	
217	96	17	24	24	31	48	48	2	1	8	5	6	7	0	11	4	7	5	8	5	8	11	7	17.71	25.00	25.00	32.29	50.00	50.00	2.11	1.05	8.42	5.26	6.32	7.37	0.00	11.58	4.21	7.37	5.26	8.42	5.26	8.42	11.58	7.37	31.00	0.3229	-31.70	-0.3302	13.42	0.1397	5.57	0.0581	
218	95	8	31	44	12	75	20	2	0	5	0	2	11	14	4	4	15	18	7	0	5	6	1	8.42	32.63	46.32	12.63	78.95	21.05	2.13	0.00	5.32	0.00	2.13	11.70	14.89	4.26	4.26	15.96	19.15	7.45	0.00	5.32	6.38	1.06	34.00	0.3579	-58.30	-0.6137	21.92	0.2307	8.63	0.0908	
219	99	19	15	28	37	43	56	4	2	8	5	3	2	3	7	7	2	6	12	5	9	11	12	19.19	15.15	28.28	37.37	43.43	56.57	4.08	2.04	8.16	5.10	3.06	2.04	3.06	7.14	7.14	2.04	6.12	12.24	5.10	9.18	11.22	12.24	34.00	0.3434	-28.60	-0.2889	14.78	0.1492	6.04	0.0610	
220	96	13	28	35	20	63	33	0	9	3	1	10	7	7	4	3	7	9	15	0	5	15	0	13.54	29.17	36.46	20.83	65.62	34.38	0.00	9.47	3.16	1.05	10.53	7.37	7.37	4.21	3.16	7.37	9.47	15.79	0.00	5.26	15.79	0.00	36.00	0.3750	-61.10	-0.6365	7.65	0.0797	2.68	0.0279	
221	94	21	28	23	22	51	43	3	7	7	4	11	6	0	10	4	9	6	4	2	6	10	4	22.34	29.79	24.47	23.40	54.26	45.74	3.23	7.53	7.53	4.30	11.83	6.45	0.00	10.75	4.30	9.68	6.45	4.30	2.15	6.45	10.75	4.30	31.00	0.3298	-36.10	-0.3840	9.24	0.0983	3.73	0.0397	
222	98	31	17	19	31	36	62	13	4	3	10	6	4	3	4	6	1	7	5	6	8	6	11	31.63	17.35	19.39	31.63	36.73	63.27	13.40	4.12	3.09	10.31	6.19	4.12	3.09	4.12	6.19	1.03	7.22	5.15	6.19	8.25	6.19	11.34	36.00	0.3673	-46.60	-0.4755	2.99	0.0305	1.25	0.0127	
223	96	26	18	20	32	38	58	6	4	6	10	4	5	0	8	7	2	7	4	9	7	7	9	27.08	18.75	20.83	33.33	39.58	60.42	6.32	4.21	6.32	10.53	4.21	5.26	0.00	8.42	7.37	2.11	7.37	4.21	9.47	7.37	7.37	9.47	34.00	0.3542	-49.02	-0.5106	2.75	0.0286	1.00	0.0105	
224	96	31	18	15	32	33	63	9	4	7	11	4	4	1	9	5	4	2	4	12	6	5	8	32.29	18.75	15.62	33.33	34.38	65.62	9.47	4.21	7.37	11.58	4.21	4.21	1.05	9.47	5.26	4.21	2.11	4.21	12.63	6.32	5.26	8.42	35.00	0.3646	-41.50	-0.4323	8.31	0.0865	3.29	0.0342	
225	98	32	14	18	34	32	66	12	3	3	14	6	2	5	0	5	5	3	5	9	3	7	15	32.65	14.29	18.37	34.69	32.65	67.35	12.37	3.09	3.09	14.43	6.19	2.06	5.15	0.00	5.15	5.15	3.09	5.15	9.28	3.09	7.22	15.46	40.00	0.4082	-49.30	-0.5031	6.21	0.0634	2.64	0.0269	
226	97	36	13	16	32	29	68	12	3	7	14	7	3	1	2	9	0	3	4	7	7	5	12	37.11	13.40	16.49	32.99	29.90	70.10	12.50	3.12	7.29	14.58	7.29	3.12	1.04	2.08	9.38	0.00	3.12	4.17	7.29	7.29	5.21	12.50	38.00	0.3918	-47.60	-0.4907	2.61	0.0269	1.06	0.0109	
227	96	31	17	18	30	35	61	11	7	7	6	6	3	0	7	7	2	1	8	7	5	9	9	32.29	17.71	18.75	31.25	36.46	63.54	11.58	7.37	7.37	6.32	6.32	3.16	0.00	7.37	7.37	2.11	1.05	8.42	7.37	5.26	9.47	9.47	34.00	0.3542	-38.72	-0.4033	7.66	0.0798	2.92	0.0304	
228	98	33	18	17	30	35	63	14	9	5	5	7	3	0	8	4	2	3	8	7	4	9	9	33.67	18.37	17.35	30.61	35.71	64.29	14.43	9.28	5.15	5.15	7.22	3.09	0.00	8.25	4.12	2.06	3.09	8.25	7.22	4.12	9.28	9.28	28.00	0.2857	-44.04	-0.4494	7.41	0.0756	2.50	0.0255	
229	75	22	19	16	18	35	40	5	8	6	3	7	5	0	7	4	2	7	3	5	4	3	5	29.33	25.33	21.33	24.00	46.67	53.33	6.76	10.81	8.11	4.05	9.46	6.76	0.00	9.46	5.41	2.70	9.46	4.05	6.76	5.41	4.05	6.76	27.00	0.3600	-41.40	-0.5520	3.57	0.0476	1.41	0.0188	
230	97	20	22	30	25	52	45	4	4	7	5	7	8	0	6	6	6	12	6	3	4	11	7	20.62	22.68	30.93	25.77	53.61	46.39	4.17	4.17	7.29	5.21	7.29	8.33	0.00	6.25	6.25	6.25	12.50	6.25	3.12	4.17	11.46	7.29	35.00	0.3608	-56.00	-0.5773	2.29	0.0237	0.99	0.0102	
231	94	22	22	29	21	51	43	5	5	7	4	6	5	3	8	4	10	8	7	7	2	11	1	23.40	23.40	30.85	22.34	54.26	45.74	5.38	5.38	7.53	4.30	6.45	5.38	3.23	8.60	4.30	10.75	8.60	7.53	7.53	2.15	11.83	1.08	33.00	0.3511	-54.90	-0.5840	10.29	0.1095	3.34	0.0356	
232	97	32	14	21	30	35	62	15	6	5	6	7	3	1	3	3	5	6	7	7	0	9	13	32.99	14.43	21.65	30.93	36.08	63.92	15.62	6.25	5.21	6.25	7.29	3.12	1.04	3.12	3.12	5.21	6.25	7.29	7.29	0.00	9.38	13.54	33.00	0.3402	-35.60	-0.3670	13.43	0.1384	4.86	0.0501	
233	97	28	17	15	37	32	65	10	4	1	13	7	5	0	5	0	3	7	5	10	5	7	14	28.87	17.53	15.46	38.14	32.99	67.01	10.42	4.17	1.04	13.54	7.29	5.21	0.00	5.21	0.00	3.12	7.29	5.21	10.42	5.21	7.29	14.58	36.00	0.3711	-47.90	-0.4938	8.69	0.0896	3.10	0.0319	
234	96	22	29	21	24	50	46	3	5	6	8	11	10	0	8	5	4	6	6	3	9	9	2	22.92	30.21	21.88	25.00	52.08	47.92	3.16	5.26	6.32	8.42	11.58	10.53	0.00	8.42	5.26	4.21	6.32	6.32	3.16	9.47	9.47	2.11	32.00	0.3333	-46.42	-0.4835	8.70	0.0907	3.38	0.0353	
235	97	25	17	19	36	36	61	9	4	5	7	6	4	1	6	2	6	5	6	8	2	8	17	25.77	17.53	19.59	37.11	37.11	62.89	9.38	4.17	5.21	7.29	6.25	4.17	1.04	6.25	2.08	6.25	5.21	6.25	8.33	2.08	8.33	17.71	32.00	0.3299	-48.60	-0.5010	4.84	0.0498	1.59	0.0164	
236	83	23	20	17	23	37	46	7	6	4	6	8	8	0	4	1	4	7	4	6	2	6	9	27.71	24.10	20.48	27.71	44.58	55.42	8.54	7.32	4.88	7.32	9.76	9.76	0.00	4.88	1.22	4.88	8.54	4.88	7.32	2.44	7.32	10.98	31.00	0.3735	-42.90	-0.5169	3.87	0.0466	1.71	0.0206	
237	97	31	11	21	34	32	65	16	4	3	7	5	2	1	3	1	5	6	9	9	0	11	14	31.96	11.34	21.65	35.05	32.99	67.01	16.67	4.17	3.12	7.29	5.21	2.08	1.04	3.12	1.04	5.21	6.25	9.38	9.38	0.00	11.46	14.58	36.00	0.3711	-39.30	-0.4052	10.25	0.1057	4.57	0.0471	
238	99	18	36	26	19	62	37	4	5	8	1	8	14	3	10	5	12	4	5	1	5	11	2	18.18	36.36	26.26	19.19	62.63	37.37	4.08	5.10	8.16	1.02	8.16	14.29	3.06	10.20	5.10	12.24	4.08	5.10	1.02	5.10	11.22	2.04	33.00	0.3333	-41.40	-0.4182	11.02	0.1113	4.54	0.0459	
239	97	19	23	26	29	49	48	4	3	9	3	6	6	0	11	5	7	5	9	4	7	12	5	19.59	23.71	26.80	29.90	50.52	49.48	4.17	3.12	9.38	3.12	6.25	6.25	0.00	11.46	5.21	7.29	5.21	9.38	4.17	7.29	12.50	5.21	37.00	0.3814	-46.00	-0.4742	16.40	0.1691	6.11	0.0630	
240	97	33	14	20	30	34	63	11	1	10	10	8	1	0	5	5	6	1	8	9	6	9	6	34.02	14.43	20.62	30.93	35.05	64.95	11.46	1.04	10.42	10.42	8.33	1.04	0.00	5.21	5.21	6.25	1.04	8.33	9.38	6.25	9.38	6.25	32.00	0.3299	-31.80	-0.3278	7.62	0.0786	2.99	0.0308	
241	95	22	18	21	34	39	56	6	4	4	8	4	3	0	10	5	1	6	9	7	10	11	6	23.16	18.95	22.11	35.79	41.05	58.95	6.38	4.26	4.26	8.51	4.26	3.19	0.00	10.64	5.32	1.06	6.38	9.57	7.45	10.64	11.70	6.38	24.00	0.2526	-22.50	-0.2368	33.65	0.3542	11.41	0.1201	
242	97	27	20	24	26	44	53	4	9	2	12	12	1	6	0	7	5	2	10	4	5	14	3	27.84	20.62	24.74	26.80	45.36	54.64	4.17	9.38	2.08	12.50	12.50	1.04	6.25	0.00	7.29	5.21	2.08	10.42	4.17	5.21	14.58	3.12	34.00	0.3505	-38.30	-0.3948	21.12	0.2177	8.30	0.0856	
243	100	13	30	31	26	61	39	2	1	8	2	8	11	1	10	3	8	13	7	0	9	9	7	13.00	30.00	31.00	26.00	61.00	39.00	2.02	1.01	8.08	2.02	8.08	11.11	1.01	10.10	3.03	8.08	13.13	7.07	0.00	9.09	9.09	7.07	31.00	0.3100	-44.71	-0.4471	15.22	0.1522	4.89	0.0489	
244	89	13	22	25	29	47	42	3	1	4	5	3	10	1	7	4	4	11	6	3	6	9	11	14.61	24.72	28.09	32.58	52.81	47.19	3.41	1.14	4.55	5.68	3.41	11.36	1.14	7.95	4.55	4.55	12.50	6.82	3.41	6.82	10.23	12.50	28.00	0.3146	-30.40	-0.3416	16.21	0.1822	5.97	0.0670	
245	96	23	21	30	22	51	45	7	6	8	2	7	4	5	5	5	8	6	11	3	3	11	4	23.96	21.88	31.25	22.92	53.12	46.88	7.37	6.32	8.42	2.11	7.37	4.21	5.26	5.26	5.26	8.42	6.32	11.58	3.16	3.16	11.58	4.21	30.00	0.3125	-32.20	-0.3354	16.26	0.1693	5.83	0.0607	
246	77	9	33	23	12	56	21	2	2	4	1	3	13	7	10	3	12	7	0	0	6	5	1	11.69	42.86	29.87	15.58	72.73	27.27	2.63	2.63	5.26	1.32	3.95	17.11	9.21	13.16	3.95	15.79	9.21	0.00	0.00	7.89	6.58	1.32	26.00	0.3377	-36.50	-0.4740	10.25	0.1332	3.56	0.0463	
247	97	24	19	24	30	43	54	6	9	6	3	5	1	3	9	5	2	3	14	8	7	12	3	24.74	19.59	24.74	30.93	44.33	55.67	6.25	9.38	6.25	3.12	5.21	1.04	3.12	9.38	5.21	2.08	3.12	14.58	8.33	7.29	12.50	3.12	34.00	0.3505	-36.60	-0.3773	16.60	0.1712	6.95	0.0716	
248	97	17	21	31	28	52	45	2	1	2	12	6	3	6	6	8	7	7	8	1	10	15	2	17.53	21.65	31.96	28.87	53.61	46.39	2.08	1.04	2.08	12.50	6.25	3.12	6.25	6.25	8.33	7.29	7.29	8.33	1.04	10.42	15.62	2.08	30.00	0.3093	-38.30	-0.3948	22.13	0.2282	8.88	0.0916	
249	95	25	18	22	30	40	55	5	8	5	7	9	3	0	5	7	2	5	8	3	5	12	10	26.32	18.95	23.16	31.58	42.11	57.89	5.32	8.51	5.32	7.45	9.57	3.19	0.00	5.32	7.45	2.13	5.32	8.51	3.19	5.32	12.77	10.64	35.00	0.3684	-39.00	-0.4105	14.36	0.1512	5.60	0.0590	
250	97	30	18	17	32	35	62	12	7	4	7	7	3	3	5	2	5	4	6	9	2	6	14	30.93	18.56	17.53	32.99	36.08	63.92	12.50	7.29	4.17	7.29	7.29	3.12	3.12	5.21	2.08	5.21	4.17	6.25	9.38	2.08	6.25	14.58	35.00	0.3608	-45.90	-0.4732	2.99	0.0308	1.09	0.0113	
251	98	20	28	27	23	55	43	3	4	12	1	9	7	1	10	4	10	6	7	3	7	8	5	20.41	28.57	27.55	23.47	56.12	43.88	3.09	4.12	12.37	1.03	9.28	7.22	1.03	10.31	4.12	10.31	6.19	7.22	3.09	7.22	8.25	5.15	30.00	0.3061	-40.20	-0.4102	20.33	0.2075	6.23	0.0635	
252	79	18	14	25	22	39	40	5	2	7	3	3	5	1	5	8	1	9	7	2	6	8	6	22.78	17.72	31.65	27.85	49.37	50.63	6.41	2.56	8.97	3.85	3.85	6.41	1.28	6.41	10.26	1.28	11.54	8.97	2.56	7.69	10.26	7.69	24.00	0.3038	-23.90	-0.3025	31.99	0.4050	13.39	0.1695	
253	98	14	37	31	16	68	30	1	5	8	0	7	14	8	8	6	11	8	5	0	7	7	2	14.29	37.76	31.63	16.33	69.39	30.61	1.03	5.15	8.25	0.00	7.22	14.43	8.25	8.25	6.19	11.34	8.25	5.15	0.00	7.22	7.22	2.06	32.00	0.3265	-49.50	-0.5051	20.70	0.2112	7.59	0.0775	
254	97	27	18	18	34	36	61	11	6	3	7	8	3	0	7	2	7	3	6	6	2	11	14	27.84	18.56	18.56	35.05	37.11	62.89	11.46	6.25	3.12	7.29	8.33	3.12	0.00	7.29	2.08	7.29	3.12	6.25	6.25	2.08	11.46	14.58	33.00	0.3402	-40.50	-0.4175	6.24	0.0643	2.15	0.0221	
255	94	21	25	26	22	51	43	1	6	9	4	11	3	4	7	7	8	6	5	1	8	7	6	22.34	26.60	27.66	23.40	54.26	45.74	1.08	6.45	9.68	4.30	11.83	3.23	4.30	7.53	7.53	8.60	6.45	5.38	1.08	8.60	7.53	6.45	30.00	0.3191	-27.30	-0.2904	24.43	0.2599	9.15	0.0973	
256	83	24	17	20	22	37	46	9	2	8	5	4	6	0	7	6	4	6	3	5	5	5	7	28.92	20.48	24.10	26.51	44.58	55.42	10.98	2.44	9.76	6.10	4.88	7.32	0.00	8.54	7.32	4.88	7.32	3.66	6.10	6.10	6.10	8.54	35.00	0.4217	-52.30	-0.6301	3.19	0.0385	1.09	0.0131	
257	96	29	20	17	30	37	59	8	6	6	8	7	8	0	5	5	2	2	8	9	4	9	8	30.21	20.83	17.71	31.25	38.54	61.46	8.42	6.32	6.32	8.42	7.37	8.42	0.00	5.26	5.26	2.11	2.11	8.42	9.47	4.21	9.47	8.42	36.00	0.3750	-45.20	-0.4708	8.02	0.0835	3.32	0.0346	
258	96	25	20	25	26	45	51	6	6	7	6	7	6	0	7	7	3	9	5	5	5	9	7	26.04	20.83	26.04	27.08	46.88	53.12	6.32	6.32	7.37	6.32	7.37	6.32	0.00	7.37	7.37	3.16	9.47	5.26	5.26	5.26	9.47	7.37	42.00	0.4375	-72.30	-0.7531	0.49	0.0051	0.23	0.0024	
259	100	23	23	34	20	57	43	8	2	10	2	10	6	1	6	3	9	15	7	2	6	7	5	23.00	23.00	34.00	20.00	57.00	43.00	8.08	2.02	10.10	2.02	10.10	6.06	1.01	6.06	3.03	9.09	15.15	7.07	2.02	6.06	7.07	5.05	26.00	0.2600	-34.50	-0.3450	18.26	0.1826	5.92	0.0592	
260	95	24	20	26	25	46	49	6	4	9	5	5	4	1	9	6	4	10	6	7	8	6	4	25.26	21.05	27.37	26.32	48.42	51.58	6.38	4.26	9.57	5.32	5.32	4.26	1.06	9.57	6.38	4.26	10.64	6.38	7.45	8.51	6.38	4.26	36.00	0.3789	-56.90	-0.5989	7.13	0.0750	2.59	0.0272	
261	96	29	19	20	28	39	57	9	6	7	7	9	3	0	7	5	5	4	6	6	5	9	7	30.21	19.79	20.83	29.17	40.62	59.38	9.47	6.32	7.37	7.37	9.47	3.16	0.00	7.37	5.26	5.26	4.21	6.32	6.32	5.26	9.47	7.37	40.00	0.4167	-56.80	-0.5917	4.45	0.0464	2.10	0.0219	
262	67	17	15	25	10	40	27	3	4	7	2	3	6	4	2	10	2	9	4	0	3	5	2	25.37	22.39	37.31	14.93	59.70	40.30	4.55	6.06	10.61	3.03	4.55	9.09	6.06	3.03	15.15	3.03	13.64	6.06	0.00	4.55	7.58	3.03	20.00	0.2985	-25.60	-0.3821	12.10	0.1806	4.22	0.0630	
263	100	17	35	30	18	65	35	0	4	10	2	10	12	0	13	5	10	15	0	2	9	5	2	17.00	35.00	30.00	18.00	65.00	35.00	0.00	4.04	10.10	2.02	10.10	12.12	0.00	13.13	5.05	10.10	15.15	0.00	2.02	9.09	5.05	2.02	35.00	0.3500	-51.00	-0.5100	13.36	0.1336	5.22	0.0522	
264	95	22	21	20	32	41	54	4	6	6	5	6	7	1	7	4	2	4	10	8	6	8	10	23.16	22.11	21.05	33.68	43.16	56.84	4.26	6.38	6.38	5.32	6.38	7.45	1.06	7.45	4.26	2.13	4.26	10.64	8.51	6.38	8.51	10.64	31.00	0.3263	-28.40	-0.2989	30.05	0.3163	11.96	0.1259	
265	90	18	25	29	18	54	36	6	3	9	0	7	6	2	9	4	12	8	5	1	4	10	3	20.00	27.78	32.22	20.00	60.00	40.00	6.74	3.37	10.11	0.00	7.87	6.74	2.25	10.11	4.49	13.48	8.99	5.62	1.12	4.49	11.24	3.37	30.00	0.3333	-44.30	-0.4922	5.49	0.0610	2.45	0.0273	
266	96	8	34	34	20	68	28	1	1	4	2	1	17	7	8	5	4	19	6	1	11	4	4	8.33	35.42	35.42	20.83	70.83	29.17	1.05	1.05	4.21	2.11	1.05	17.89	7.37	8.42	5.26	4.21	20.00	6.32	1.05	11.58	4.21	4.21	34.00	0.3542	-58.80	-0.6125	26.51	0.2761	11.11	0.1157	
267	97	31	18	21	27	39	58	11	5	8	6	7	6	0	5	9	1	6	5	4	6	7	10	31.96	18.56	21.65	27.84	40.21	59.79	11.46	5.21	8.33	6.25	7.29	6.25	0.00	5.21	9.38	1.04	6.25	5.21	4.17	6.25	7.29	10.42	36.00	0.3711	-51.40	-0.5299	4.60	0.0475	2.17	0.0224	
268	97	28	18	15	36	33	64	11	5	4	8	9	2	1	6	0	6	4	5	8	4	6	17	28.87	18.56	15.46	37.11	34.02	65.98	11.46	5.21	4.17	8.33	9.38	2.08	1.04	6.25	0.00	6.25	4.17	5.21	8.33	4.17	6.25	17.71	37.00	0.3814	-46.90	-0.4835	4.66	0.0481	1.98	0.0204	
269	97	27	25	19	26	44	53	8	3	8	8	8	9	0	7	6	4	6	3	5	8	5	8	27.84	25.77	19.59	26.80	45.36	54.64	8.33	3.12	8.33	8.33	8.33	9.38	0.00	7.29	6.25	4.17	6.25	3.12	5.21	8.33	5.21	8.33	32.00	0.3299	-50.10	-0.5165	4.68	0.0483	1.79	0.0184	
270	98	24	23	22	29	45	53	4	7	9	3	8	4	1	10	6	4	3	9	6	7	9	7	24.49	23.47	22.45	29.59	45.92	54.08	4.12	7.22	9.28	3.09	8.25	4.12	1.03	10.31	6.19	4.12	3.09	9.28	6.19	7.22	9.28	7.22	34.00	0.3469	-34.60	-0.3531	15.49	0.1580	5.46	0.0557	
271	99	21	31	25	22	56	43	3	7	6	5	11	11	3	6	5	8	5	6	2	4	11	5	21.21	31.31	25.25	22.22	56.57	43.43	3.06	7.14	6.12	5.10	11.22	11.22	3.06	6.12	5.10	8.16	5.10	6.12	2.04	4.08	11.22	5.10	31.00	0.3131	-31.20	-0.3152	28.61	0.2890	9.33	0.0943	
272	95	44	10	10	31	20	75	9	1	7	26	3	2	1	4	6	2	1	1	25	5	1	0	46.32	10.53	10.53	32.63	21.05	78.95	9.57	1.06	7.45	27.66	3.19	2.13	1.06	4.26	6.38	2.13	1.06	1.06	26.60	5.32	1.06	0.00	29.00	0.3053	-27.90	-0.2937	33.17	0.3492	11.02	0.1160	
273	96	17	20	33	26	53	43	3	3	8	3	3	4	2	10	7	9	10	7	4	4	13	5	17.71	20.83	34.38	27.08	55.21	44.79	3.16	3.16	8.42	3.16	3.16	4.21	2.11	10.53	7.37	9.47	10.53	7.37	4.21	4.21	13.68	5.26	33.00	0.3438	-35.80	-0.3729	13.96	0.1454	5.04	0.0525	
274	96	27	20	30	19	50	46	2	8	14	3	11	1	0	8	12	6	6	6	1	5	10	2	28.12	20.83	31.25	19.79	52.08	47.92	2.11	8.42	14.74	3.16	11.58	1.05	0.00	8.42	12.63	6.32	6.32	6.32	1.05	5.26	10.53	2.11	30.00	0.3125	-35.50	-0.3698	15.09	0.1572	5.02	0.0522	
275	98	17	24	27	30	51	47	2	4	7	4	6	6	1	11	4	8	6	8	5	6	12	7	17.35	24.49	27.55	30.61	52.04	47.96	2.06	4.12	7.22	4.12	6.19	6.19	1.03	11.34	4.12	8.25	6.19	8.25	5.15	6.19	12.37	7.22	31.00	0.3163	-34.60	-0.3531	4.69	0.0479	1.74	0.0178	
276	97	30	17	22	28	39	58	8	8	9	5	8	5	0	4	3	2	5	11	10	2	8	8	30.93	17.53	22.68	28.87	40.21	59.79	8.33	8.33	9.38	5.21	8.33	5.21	0.00	4.17	3.12	2.08	5.21	11.46	10.42	2.08	8.33	8.33	38.00	0.3918	-56.90	-0.5866	4.23	0.0436	1.81	0.0186	
277	85	21	20	21	23	41	44	4	2	9	6	2	9	0	9	7	1	9	4	7	8	3	4	24.71	23.53	24.71	27.06	48.24	51.76	4.76	2.38	10.71	7.14	2.38	10.71	0.00	10.71	8.33	1.19	10.71	4.76	8.33	9.52	3.57	4.76	37.00	0.4353	-74.90	-0.8812	1.91	0.0224	0.73	0.0086	
278	94	26	12	18	38	30	64	8	1	6	11	3	0	0	9	8	4	2	4	6	7	10	14	27.66	12.77	19.15	40.43	31.91	68.09	8.60	1.08	6.45	11.83	3.23	0.00	0.00	9.68	8.60	4.30	2.15	4.30	6.45	7.53	10.75	15.05	31.00	0.3298	-22.00	-0.2340	38.97	0.4146	15.42	0.1640	
279	97	29	17	17	34	34	63	9	7	8	4	2	3	0	12	7	0	4	6	11	7	5	11	29.90	17.53	17.53	35.05	35.05	64.95	9.38	7.29	8.33	4.17	2.08	3.12	0.00	12.50	7.29	0.00	4.17	6.25	11.46	7.29	5.21	11.46	36.00	0.3711	-56.50	-0.5825	1.96	0.0202	0.72	0.0074	
280	95	28	16	23	28	39	56	8	4	9	7	5	2	1	8	5	4	7	7	9	6	6	6	29.47	16.84	24.21	29.47	41.05	58.95	8.51	4.26	9.57	7.45	5.32	2.13	1.06	8.51	5.32	4.26	7.45	7.45	9.57	6.38	6.38	6.38	32.00	0.3368	-36.40	-0.3832	6.17	0.0650	2.29	0.0241	
281	97	16	31	27	23	58	39	4	5	7	0	4	16	3	8	5	4	13	5	3	6	4	9	16.49	31.96	27.84	23.71	59.79	40.21	4.17	5.21	7.29	0.00	4.17	16.67	3.12	8.33	5.21	4.17	13.54	5.21	3.12	6.25	4.17	9.38	37.00	0.3814	-74.80	-0.7711	2.34	0.0241	0.82	0.0084	
282	97	27	18	15	37	33	64	5	7	5	10	6	3	0	9	3	1	4	7	12	7	6	11	27.84	18.56	15.46	38.14	34.02	65.98	5.21	7.29	5.21	10.42	6.25	3.12	0.00	9.38	3.12	1.04	4.17	7.29	12.50	7.29	6.25	11.46	29.00	0.2990	-27.30	-0.2814	9.62	0.0992	3.23	0.0333	
283	75	16	23	23	13	46	29	1	7	7	1	7	7	0	8	6	5	9	3	2	4	6	1	21.33	30.67	30.67	17.33	61.33	38.67	1.35	9.46	9.46	1.35	9.46	9.46	0.00	10.81	8.11	6.76	12.16	4.05	2.70	5.41	8.11	1.35	27.00	0.3600	-38.00	-0.5067	1.18	0.0157	0.51	0.0068	
284	96	10	32	38	16	70	26	0	3	5	2	8	11	9	3	2	17	11	8	0	1	12	3	10.42	33.33	39.58	16.67	72.92	27.08	0.00	3.16	5.26	2.11	8.42	11.58	9.47	3.16	2.11	17.89	11.58	8.42	0.00	1.05	12.63	3.16	36.00	0.3750	-59.10	-0.6156	10.02	0.1044	3.62	0.0377	
285	94	11	25	37	21	62	32	1	4	5	1	2	7	10	6	6	9	13	9	2	4	9	5	11.70	26.60	39.36	22.34	65.96	34.04	1.08	4.30	5.38	1.08	2.15	7.53	10.75	6.45	6.45	9.68	13.98	9.68	2.15	4.30	9.68	5.38	37.00	0.3936	-43.40	-0.4617	19.74	0.2100	8.04	0.0856	
286	98	32	17	16	33	33	65	11	5	6	9	2	4	1	10	5	3	3	5	13	5	6	9	32.65	17.35	16.33	33.67	33.67	66.33	11.34	5.15	6.19	9.28	2.06	4.12	1.03	10.31	5.15	3.09	3.09	5.15	13.40	5.15	6.19	9.28	34.00	0.3469	-34.00	-0.3469	14.39	0.1468	4.98	0.0508	
287	97	24	28	23	22	51	46	5	8	5	6	12	11	1	4	4	6	9	4	2	3	8	8	24.74	28.87	23.71	22.68	52.58	47.42	5.21	8.33	5.21	6.25	12.50	11.46	1.04	4.17	4.17	6.25	9.38	4.17	2.08	3.12	8.33	8.33	32.00	0.3299	-28.50	-0.2938	23.12	0.2384	7.63	0.0787	
288	98	23	21	22	32	43	55	6	4	6	7	8	5	0	8	7	5	5	5	2	6	11	12	23.47	21.43	22.45	32.65	43.88	56.12	6.19	4.12	6.19	7.22	8.25	5.15	0.00	8.25	7.22	5.15	5.15	5.15	2.06	6.19	11.34	12.37	34.00	0.3469	-32.10	-0.3276	13.52	0.1379	5.21	0.0532	
289	99	7	38	40	14	78	21	2	1	3	1	1	15	15	7	2	19	15	3	2	3	7	2	7.07	38.38	40.40	14.14	78.79	21.21	2.04	1.02	3.06	1.02	1.02	15.31	15.31	7.14	2.04	19.39	15.31	3.06	2.04	3.06	7.14	2.04	32.00	0.3232	-55.80	-0.5636	25.33	0.2558	8.70	0.0878	
290	99	12	32	29	26	61	38	1	6	4	1	5	8	5	13	2	10	12	5	4	8	8	6	12.12	32.32	29.29	26.26	61.62	38.38	1.02	6.12	4.08	1.02	5.10	8.16	5.10	13.27	2.04	10.20	12.24	5.10	4.08	8.16	8.16	6.12	32.00	0.3232	-34.90	-0.3525	32.12	0.3245	10.88	0.1099	
291	100	10	29	52	9	81	19	2	2	4	2	1	5	20	3	5	21	22	4	2	1	5	0	10.00	29.00	52.00	9.00	81.00	19.00	2.02	2.02	4.04	2.02	1.01	5.05	20.20	3.03	5.05	21.21	22.22	4.04	2.02	1.01	5.05	0.00	32.00	0.3200	-54.90	-0.5490	26.01	0.2601	9.30	0.0930	
292	98	10	26	46	16	72	26	0	2	7	1	1	4	15	6	6	18	16	5	3	2	8	3	10.20	26.53	46.94	16.33	73.47	26.53	0.00	2.06	7.22	1.03	1.03	4.12	15.46	6.19	6.19	18.56	16.49	5.15	3.09	2.06	8.25	3.09	32.00	0.3265	-41.60	-0.4245	56.28	0.5743	17.56	0.1792	
293	96	23	25	25	23	50	46	6	5	5	7	7	9	1	8	7	4	9	4	3	7	9	4	23.96	26.04	26.04	23.96	52.08	47.92	6.32	5.26	5.26	7.37	7.37	9.47	1.05	8.42	7.37	4.21	9.47	4.21	3.16	7.37	9.47	4.21	29.00	0.3021	-34.90	-0.3635	18.42	0.1919	7.23	0.0753	
294	99	22	26	21	30	47	52	5	5	8	4	2	10	0	14	8	0	6	7	7	11	7	4	22.22	26.26	21.21	30.30	47.47	52.53	5.10	5.10	8.16	4.08	2.04	10.20	0.00	14.29	8.16	0.00	6.12	7.14	7.14	11.22	7.14	4.08	39.00	0.3939	-61.80	-0.6242	4.02	0.0406	1.62	0.0164	
295	97	20	24	29	24	53	44	5	4	5	6	7	8	1	8	7	2	15	5	0	10	8	5	20.62	24.74	29.90	24.74	54.64	45.36	5.21	4.17	5.21	6.25	7.29	8.33	1.04	8.33	7.29	2.08	15.62	5.21	0.00	10.42	8.33	5.21	35.00	0.3608	-65.40	-0.6742	2.29	0.0236	0.73	0.0075	
296	97	32	16	21	28	37	60	8	5	10	8	6	2	1	7	8	4	2	7	9	5	8	6	32.99	16.49	21.65	28.87	38.14	61.86	8.33	5.21	10.42	8.33	6.25	2.08	1.04	7.29	8.33	4.17	2.08	7.29	9.38	5.21	8.33	6.25	34.00	0.3505	-45.90	-0.4732	5.43	0.0560	2.05	0.0211	
297	94	19	13	18	44	31	63	4	0	8	6	4	3	0	6	3	3	3	9	8	7	7	22	20.21	13.83	19.15	46.81	32.98	67.02	4.30	0.00	8.60	6.45	4.30	3.23	0.00	6.45	3.23	3.23	3.23	9.68	8.60	7.53	7.53	23.66	26.00	0.2766	-28.80	-0.3064	5.14	0.0547	1.77	0.0188	
298	94	20	24	29	21	53	41	5	5	9	1	4	8	1	11	6	6	10	6	5	4	9	3	21.28	25.53	30.85	22.34	56.38	43.62	5.38	5.38	9.68	1.08	4.30	8.60	1.08	11.83	6.45	6.45	10.75	6.45	5.38	4.30	9.68	3.23	31.00	0.3298	-42.90	-0.4564	11.55	0.1229	4.47	0.0476	
299	94	19	27	29	19	56	38	1	3	13	2	10	7	0	9	8	9	7	5	0	8	8	3	20.21	28.72	30.85	20.21	59.57	40.43	1.08	3.23	13.98	2.15	10.75	7.53	0.00	9.68	8.60	9.68	7.53	5.38	0.00	8.60	8.60	3.23	33.00	0.3511	-34.20	-0.3638	24.69	0.2626	9.04	0.0962	
300	96	15	24	40	17	64	32	2	3	10	0	7	7	1	8	5	9	21	5	0	5	8	4	15.62	25.00	41.67	17.71	66.67	33.33	2.11	3.16	10.53	0.00	7.37	7.37	1.05	8.42	5.26	9.47	22.11	5.26	0.00	5.26	8.42	4.21	32.00	0.3333	-42.80	-0.4458	45.02	0.4689	16.40	0.1708	
301	94	21	23	37	13	60	34	4	6	10	1	10	6	3	4	5	8	16	7	1	3	8	1	22.34	24.47	39.36	13.83	63.83	36.17	4.30	6.45	10.75	1.08	10.75	6.45	3.23	4.30	5.38	8.60	17.20	7.53	1.08	3.23	8.60	1.08	31.00	0.3298	-39.70	-0.4223	25.66	0.2730	9.56	0.1017	
302	97	25	15	20	37	35	62	9	4	4	8	4	4	1	6	4	3	2	10	8	4	12	13	25.77	15.46	20.62	38.14	36.08	63.92	9.38	4.17	4.17	8.33	4.17	4.17	1.04	6.25	4.17	3.12	2.08	10.42	8.33	4.17	12.50	13.54	35.00	0.3608	-27.00	-0.2784	6.65	0.0686	2.68	0.0276	
303	96	15	35	27	19	62	34	0	6	7	2	12	8	2	13	3	8	12	4	0	12	6	0	15.62	36.46	28.12	19.79	64.58	35.42	0.00	6.32	7.37	2.11	12.63	8.42	2.11	13.68	3.16	8.42	12.63	4.21	0.00	12.63	6.32	0.00	29.00	0.3021	-36.00	-0.3750	14.00	0.1459	4.80	0.0500	
304	97	35	12	17	33	29	68	18	3	6	8	5	1	0	6	4	4	3	6	7	4	8	13	36.08	12.37	17.53	34.02	29.90	70.10	18.75	3.12	6.25	8.33	5.21	1.04	0.00	6.25	4.17	4.17	3.12	6.25	7.29	4.17	8.33	13.54	30.00	0.3093	-34.50	-0.3557	4.89	0.0504	1.68	0.0173	
305	98	29	25	24	20	49	49	5	11	6	7	11	5	2	6	5	8	7	4	7	1	9	3	29.59	25.51	24.49	20.41	50.00	50.00	5.15	11.34	6.19	7.22	11.34	5.15	2.06	6.19	5.15	8.25	7.22	4.12	7.22	1.03	9.28	3.09	33.00	0.3367	-55.20	-0.5633	5.30	0.0541	1.85	0.0189	
306	97	35	13	19	30	32	65	18	5	7	5	7	3	0	3	1	4	4	9	8	1	8	13	36.08	13.40	19.59	30.93	32.99	67.01	18.75	5.21	7.29	5.21	7.29	3.12	0.00	3.12	1.04	4.17	4.17	9.38	8.33	1.04	8.33	13.54	34.00	0.3505	-48.20	-0.4969	3.85	0.0397	1.16	0.0119	
307	89	6	22	40	21	62	27	0	1	5	0	2	5	4	11	4	13	17	6	0	3	13	4	6.74	24.72	44.94	23.60	69.66	30.34	0.00	1.14	5.68	0.00	2.27	5.68	4.55	12.50	4.55	14.77	19.32	6.82	0.00	3.41	14.77	4.55	30.00	0.3371	-49.30	-0.5539	9.09	0.1021	3.80	0.0427	
308	95	11	29	36	19	65	30	1	3	7	0	7	8	6	7	3	14	11	8	0	4	11	4	11.58	30.53	37.89	20.00	68.42	31.58	1.06	3.19	7.45	0.00	7.45	8.51	6.38	7.45	3.19	14.89	11.70	8.51	0.00	4.26	11.70	4.26	35.00	0.3684	-45.50	-0.4789	11.71	0.1233	4.42	0.0465	
309	97	34	13	22	28	35	62	17	4	7	5	7	4	0	2	5	4	6	7	5	1	8	14	35.05	13.40	22.68	28.87	36.08	63.92	17.71	4.17	7.29	5.21	7.29	4.17	0.00	2.08	5.21	4.17	6.25	7.29	5.21	1.04	8.33	14.58	37.00	0.3814	-56.90	-0.5866	1.89	0.0195	0.74	0.0076	
310	93	4	34	37	18	71	22	0	1	1	2	2	15	13	4	2	11	15	8	0	6	8	4	4.30	36.56	39.78	19.35	76.34	23.66	0.00	1.09	1.09	2.17	2.17	16.30	14.13	4.35	2.17	11.96	16.30	8.70	0.00	6.52	8.70	4.35	33.00	0.3548	-50.20	-0.5398	36.71	0.3947	14.37	0.1545	
311	97	21	24	23	29	47	50	5	5	7	4	8	5	0	11	3	8	6	6	5	6	10	7	21.65	24.74	23.71	29.90	48.45	51.55	5.21	5.21	7.29	4.17	8.33	5.21	0.00	11.46	3.12	8.33	6.25	6.25	5.21	6.25	10.42	7.29	32.00	0.3299	-35.60	-0.3670	17.85	0.1840	7.31	0.0753	
312	96	31	18	17	30	35	61	12	5	7	7	9	2	0	6	7	3	2	5	3	8	8	11	32.29	18.75	17.71	31.25	36.46	63.54	12.63	5.26	7.37	7.37	9.47	2.11	0.00	6.32	7.37	3.16	2.11	5.26	3.16	8.42	8.42	11.58	30.00	0.3125	-32.82	-0.3419	4.86	0.0507	1.90	0.0198	
313	96	26	24	21	25	45	51	4	8	7	7	5	8	6	5	6	2	3	9	11	6	5	3	27.08	25.00	21.88	26.04	46.88	53.12	4.21	8.42	7.37	7.37	5.26	8.42	6.32	5.26	6.32	2.11	3.16	9.47	11.58	6.32	5.26	3.16	30.00	0.3125	-30.70	-0.3198	9.56	0.0996	3.26	0.0340	
314	81	19	18	25	19	43	38	5	3	6	5	5	6	2	4	6	6	6	7	3	3	10	3	23.46	22.22	30.86	23.46	53.09	46.91	6.25	3.75	7.50	6.25	6.25	7.50	2.50	5.00	7.50	7.50	7.50	8.75	3.75	3.75	12.50	3.75	29.00	0.3580	-29.60	-0.3654	7.13	0.0880	2.83	0.0349	
315	97	28	16	18	35	34	63	6	4	5	13	6	2	2	5	7	2	4	5	8	8	7	12	28.87	16.49	18.56	36.08	35.05	64.95	6.25	4.17	5.21	13.54	6.25	2.08	2.08	5.21	7.29	2.08	4.17	5.21	8.33	8.33	7.29	12.50	29.00	0.2990	-35.10	-0.3619	8.18	0.0843	2.67	0.0275	
316	78	21	15	14	28	29	49	5	3	3	10	3	3	2	6	6	1	2	5	7	7	7	7	26.92	19.23	17.95	35.90	37.18	62.82	6.49	3.90	3.90	12.99	3.90	3.90	2.60	7.79	7.79	1.30	2.60	6.49	9.09	9.09	9.09	9.09	24.00	0.3077	-23.70	-0.3038	5.99	0.0768	2.29	0.0294	
317	96	32	21	17	26	38	58	7	5	8	12	10	3	0	7	7	4	2	4	7	9	7	3	33.33	21.88	17.71	27.08	39.58	60.42	7.37	5.26	8.42	12.63	10.53	3.16	0.00	7.37	7.37	4.21	2.11	4.21	7.37	9.47	7.37	3.16	32.00	0.3333	-53.20	-0.5542	6.46	0.0673	1.97	0.0206	
318	98	15	26	35	22	61	37	1	2	11	1	3	10	4	9	7	4	14	9	4	10	5	3	15.31	26.53	35.71	22.45	62.24	37.76	1.03	2.06	11.34	1.03	3.09	10.31	4.12	9.28	7.22	4.12	14.43	9.28	4.12	10.31	5.15	3.09	31.00	0.3163	-47.80	-0.4878	9.36	0.0955	3.54	0.0362	
319	100	13	30	41	16	71	29	2	4	7	0	4	9	12	5	6	11	15	8	1	6	6	3	13.00	30.00	41.00	16.00	71.00	29.00	2.02	4.04	7.07	0.00	4.04	9.09	12.12	5.05	6.06	11.11	15.15	8.08	1.01	6.06	6.06	3.03	33.00	0.3300	-42.00	-0.4200	49.68	0.4968	15.90	0.1590	
320	97	21	29	23	24	52	45	5	6	7	3	8	12	2	7	7	0	9	6	1	11	5	7	21.65	29.90	23.71	24.74	53.61	46.39	5.21	6.25	7.29	3.12	8.33	12.50	2.08	7.29	7.29	0.00	9.38	6.25	1.04	11.46	5.21	7.29	31.00	0.3196	-55.00	-0.5670	16.66	0.1717	5.07	0.0522	
321	97	20	26	22	29	48	49	4	4	4	8	8	8	2	8	5	4	5	7	3	9	11	6	20.62	26.80	22.68	29.90	49.48	50.52	4.17	4.17	4.17	8.33	8.33	8.33	2.08	8.33	5.21	4.17	5.21	7.29	3.12	9.38	11.46	6.25	27.00	0.2784	-33.10	-0.3412	8.58	0.0884	3.03	0.0312	
322	85	26	16	17	26	33	52	11	3	2	10	7	2	1	5	5	5	3	4	3	6	10	7	30.59	18.82	20.00	30.59	38.82	61.18	13.10	3.57	2.38	11.90	8.33	2.38	1.19	5.95	5.95	5.95	3.57	4.76	3.57	7.14	11.90	8.33	29.00	0.3412	-35.20	-0.4141	4.77	0.0561	1.94	0.0228	
323	97	27	23	23	24	46	51	3	7	7	9	12	2	2	7	10	2	6	5	2	11	8	3	27.84	23.71	23.71	24.74	47.42	52.58	3.12	7.29	7.29	9.38	12.50	2.08	2.08	7.29	10.42	2.08	6.25	5.21	2.08	11.46	8.33	3.12	28.00	0.2887	-35.90	-0.3701	8.23	0.0849	2.93	0.0302	
